Acquisition date and time: 00-00-   0 (00:00:00)
Live Time:,        0
Real Time:,        0
 
Photopeaks:,     9
  13,      1.487,        226,         72,       1.47
  19,      3.313,         35,         73,       2.06
  20,      3.691,        320,         86,       0.83
  24,      5.412,        440,        191,       3.07
  26,      6.399,       2672,        260,       2.03
  29,      8.041,       8573,        479,       2.53
  30,      8.631,       2295,        466,       2.39
  45,      2.696,        644,         66,       1.82
  58,      4.838,        777,        250,       1.54
