Acquisition date and time: 00-00-   0 (00:00:00)
Live Time:,        0
Real Time:,        0
 
Photopeaks:,     5
  20,      3.691,       8740,         94,       3.24
  24,      5.412,        401,         55,       2.02
  26,      6.399,     591299,        748,      16.13
  29,      8.041,        289,         93,       0.98
  30,      8.631,        865,         96,       1.39
Incoherent scattering peaks:,     2
  26,      6.320,       7414,        239,      13.89
  26,      6.963,       5203,        181,      11.87
