Acquisition date and time: 00-00-   0 (00:00:00)
Live Time:,        0
Real Time:,        0
 
Photopeaks:,     6
  14,      1.740,         53,         47,       1.82
  15,      2.013,        893,         59,       2.21
  17,      2.622,        896,        113,       4.87
  20,      3.691,      17416,        158,       3.04
  45,      2.696,        992,        143,       2.69
  47,      2.984,     119010,        635,       5.46
Incoherent scattering peaks:,     2
  47,      3.132,       1493,       1442,       5.31
  47,      2.967,       6848,        663,       5.81
