Acquisition date and time: 00-00-   0 (00:00:00)
Live Time:,        0
Real Time:,        0
 
Photopeaks:,     4
  15,      2.013,        662,         45,       1.89
  20,      3.691,      12220,        124,       2.30
  53,      3.937,      68982,        267,       4.84
  37,     13.375,     264618,        498,       3.41
Incoherent scattering peaks:,     3
  37,      1.688,        274,        135,       1.24
  37,     13.034,       1850,        137,       1.57
  37,     14.555,       1837,        116,       1.63
