Acquisition date and time: 00-00-   0 (00:00:00)
Live Time:,        0
Real Time:,        0
 
Photopeaks:,     7
  15,      2.013,       1085,         70,       3.72
  16,      2.307,       -207,         73,       1.69
  17,      2.622,        -79,         49,       1.83
  19,      3.313,       1109,        106,       3.73
  20,      3.691,      16133,        557,       4.14
  45,      2.696,         92,         45,       1.13
  52,      3.768,     175438,        585,       6.64
Incoherent scattering peaks:,     2
  16,      2.297,        229,        109,       1.74
  52,      3.740,      11539,        446,       6.49
