Acquisition date and time: 00-00-   0 (00:00:00)
Live Time:,        0
Real Time:,        0
 
Photopeaks:,     9
  14,      1.740,        179,         34,       1.42
  15,      2.013,       1038,         47,       2.49
  20,      3.691,      15990,        137,       2.66
  26,      6.399,        877,         78,       1.92
  28,      7.472,        713,        127,       2.63
  29,      8.041,       2132,        140,       4.36
  30,      8.631,       1222,        142,       0.99
  45,      2.696,        -43,         41,       2.50
  56,      4.464,     203719,        491,       4.84
Incoherent scattering peaks:,     2
  56,      4.783,       3182,        470,       3.32
  56,      4.426,       5532,        292,       4.52
