Acquisition date and time: 00-00-   0 (00:00:00)
Live Time:,        0
Real Time:,        0
 
Photopeaks:,     5
  14,      1.740,        345,         45,       4.77
  15,      2.013,       1323,         59,       1.33
  22,      4.509,       1131,        102,       2.61
  47,      2.984,        394,         72,       2.76
  51,      3.604,     174356,        669,       7.11
Incoherent scattering peaks:,     3
  47,      2.967,        475,        119,       2.34
  51,      3.815,      21917,       1387,       7.22
  51,      3.579,      10022,        370,       7.34
