Acquisition date and time: 00-00-   0 (00:00:00)
Live Time:,        0
Real Time:,        0
 
Photopeaks:,     7
  15,      2.013,       1112,         47,       1.30
  20,      3.691,      17118,        142,       1.54
  26,      6.399,       -140,         87,       1.83
  28,      7.472,        552,        134,       2.29
  29,      8.041,       1700,        143,       2.49
  30,      8.631,       1613,        146,       1.33
  57,      4.651,     203564,        492,       7.96
Incoherent scattering peaks:,     1
  57,      4.609,       1299,        282,       8.59
