$Informacoes da Fluorescencia de Raios-X:
"Sample    : mgf2_34663",                                                                 
"Operator  : americo",                                                                    
"Comment  : mgf2_51.8micromatter",                                                        
"Group     : kerr2007ag180cal_lt",                                                        
"Date       : 2013-10-08 19:47:12",                                                       
"",                                                                                       
"Mesurement Condition",                                                                   
"------------------------------------------------------------------------------------",   
"Instrument : 700HS2   Atmosphere : Vac.   Collimator : 10(mm)   Spin : No",              
"------------------------------------------------------------------------------------",   
"Analyte               TG kV   uA      FI Acq.(keV)  Anal.(keV)  Time(sec)     DT(%)",    
"------------------------------------------------------------------------------------",   
"Na                    Rh 50  970-Auto Al  0 - 20    0.8 - 1.2   Live -  180   14",       
"Channel_info_start",                                                                     
"Channel : Na",                                                                           
"Points : 2048
"Range : 0.000000 - 20.480000",                                                           
"Step : 0.010000",                                                                        
"Channel_info_end",                                                                       
$DATA:
       0    2047
       0       0       0       0       0       0       0       0       0    2048
       0       0       0       0       0       0       0       0       0       0
       0       0       0       0       0       0       0       0       0       0
       0       0       0       0       0       0       0       0       2       2
      17      45      36      40      33      47      40      46      45      45
      37      35      47      37      45      37      42      36      34      36
      45      44      36      33      44      43      38      44      48      44
      48      34      57      43      36      40      33      51      52      39
      42      41      30      36      46      50      42      33      22      40
      37      35      38      28      46      39      28      30      36      48
      33      27      39      45      35      39      36      30      37      30
      34      57      44      55      53      43      43      44      45      45
      51      70      57      75      85     109     127     166     232     322
     444     574     689     758     830     983     892    1075     812     777
     618     566     468     318     251     202     130      98      77      71
      46      57      44      54      50      34      41      56      42      48
      42      44      50      43      35      47      47      47      35      50
      57      60      65      92     114     155     166     241     251     283
     320     394     384     470     407     476     426     440     398     378
     324     293     232     216     175     147     132     116     101     110
     106     128      98     152     163     200     225     227     253     292
     306     320     288     294     264     244     188     195     132     140
     102      67      75      59      52      57      53      40      42      38
      35      43      41      55      47      40      43      42      52      42
      34      48      37      38      32      27      28      30      36      42
      22      35      33      26      19      30      21      30      28      39
      31      29      26      32      35      35      37      35      27      50
      40      52      43      50      59      60      61      58      57      52
      50      76      54      53      31      36      34      52      45      37
      46      55      45      53      53      41      52      48      43      40
      35      40      43      38      39      43      37      39      34      30
      35      37      28      36      43      30      39      38      32      33
      35      41      35      50      36      33      34      45      48      49
      32      43      37      45      52      46      50      48      60      42
      57      42      55      42      43      57      46      37      50      53
      42      45      51      62      54      57      56      71      60      76
      63      84     115     135     146     204     257     340     429     615
     755    1072    1213    1531    1829    2189    2418    2773    2942    3172
    2864    3133    2945    2841    2385    2250    1850    1508    1248    1025
     754     589     387     375     252     209     173     164     155     171
     163     180     172     228     227     310     310     357     371     447
     398     473     403     422     445     424     383     363     289     256
     212     244     183     140     140      92     100      76      90     100
      74      75      72      72      78      72      75      85      99      87
      70      90     109     113     101     113     117     130     120     136
     135     145     158     137     143     180     128     193     158     195
     168     207     173     167     170     212     194     186     177     172
     178     176     172     159     173     167     155     164     158     156
     147     147     167     157     131     135     139     121     125     135
     132     123      94     136     100     142     105     135     108     122
      92     113     113     123     114     109     125      98     117     128
     114     101     107     113     117     109     118     105     110     127
     120     137     124     110     133     113     116     116     132     120
     126     121     123     126     117     131     147     118     111     137
     152     150     160     143     146     145     161     143     151     161
     164     151     144     169     162     188     150     175     164     184
     157     182     168     177     176     182     168     189     186     183
     159     187     197     190     191     188     173     205     194     174
     196     226     184     178     199     234     194     181     185     187
     184     162     159     196     188     188     173     211     192     198
     181     199     201     203     191     213     194     191     192     202
     219     191     198     216     207     211     183     197     182     215
     208     217     223     212     217     218     215     222     231     205
     232     227     235     243     229     251     243     264     222     249
     222     257     242     253     257     267     260     288     277     264
     278     301     269     277     267     262     249     257     291     270
     276     265     263     271     233     249     254     256     247     262
     256     270     222     266     261     292     268     284     252     301
     275     277     284     297     306     277     236     289     250     286
     286     284     284     272     282     291     252     288     237     298
     264     306     276     277     309     244     260     297     275     309
     275     325     279     305     303     297     270     338     299     347
     309     348     358     367     333     365     347     366     334     358
     340     395     318     355     345     319     331     338     299     356
     277     303     257     251     274     291     318     282     239     278
     265     285     298     317     279     282     258     287     294     303
     257     266     321     290     243     303     269     311     298     272
     261     286     264     279     284     285     261     274     269     275
     290     267     266     311     306     301     293     288     296     295
     291     299     308     337     352     310     293     322     299     357
     317     383     351     373     375     400     404     470     506     543
     621     737     801     872    1013    1125    1163    1411    1433    1666
    1611    1681    1838    1986    1933    2063    1929    1959    1747    1684
    1578    1536    1366    1332    1175    1085     945     818     784     670
     574     538     457     453     370     376     349     357     331     344
     331     312     328     338     343     338     353     394     304     343
     328     345     323     393     382     368     411     431     408     438
     446     452     416     468     463     464     457     425     425     406
     400     395     347     408     315     355     331     340     338     339
     334     320     322     316     322     324     290     313     300     280
     274     303     290     307     305     280     285     318     278     327
     299     325     281     299     332     295     318     309     295     330
     320     337     346     373     341     408     404     438     461     508
     532     602     560     645     689     775     831     917     921    1042
     965    1126    1131    1196    1115    1236    1217    1210    1157    1194
    1073    1054     876     923     878     844     768     788     686     723
     591     625     613     613     592     623     561     621     616     585
     595     603     576     624     617     589     589     578     603     544
     502     499     478     492     434     479     386     379     379     364
     326     365     333     323     308     338     302     322     287     295
     263     298     312     310     264     288     288     295     282     280
     282     285     280     269     280     285     250     295     267     274
     273     239     250     306     261     261     303     292     266     275
     270     264     266     260     280     302     248     255     264     266
     272     294     283     255     278     314     274     266     251     275
     281     288     261     279     249     286     255     293     273     283
     250     257     254     280     293     285     255     263     250     306
     266     303     251     296     274     246     262     270     261     269
     269     313     266     295     307     317     339     321     322     346
     341     353     366     357     386     436     347     408     426     414
     447     418     399     406     393     359     386     384     357     387
     325     369     314     347     331     326     309     314     293     322
     292     303     313     287     276     309     323     350     315     316
     321     341     312     358     324     303     321     287     261     319
     307     298     284     335     335     333     263     296     257     297
     284     296     267     284     295     247     261     244     271     265
     258     269     269     278     258     296     238     288     250     272
     264     263     262     267     256     269     273     237     242     258
     278     255     233     235     291     250     277     247     229     275
     246     270     252     250     280     276     243     268     242     263
     252     264     250     248     238     288     249     244     234     270
     252     242     249     257     229     287     269     247     265     255
     238     272     260     232     201     281     235     266     237     230
     233     232     249     232     248     245     251     233     224     248
     224     240     228     256     236     240     226     230     223     236
     232     249     230     245     245     239     245     204     250     245
     238     245     219     242     260     233     217     256     213     246
     236     218     238     243     227     224     231     228     236     274
     246     236     220     254     231     222     238     260     251     245
     231     254     226     235     264     217     221     237     249     263
     213     246     250     229     223     241     236     229     228     250
     214     239     233     216     253     240     240     228     223     222
     211     253     232     210     237     233     249     255     218     236
     230     211     229     221     275     230     234     232     211     220
     216     249     196     236     225     232     221     238     190     209
     234     225     192     237     228     217     211     227     222     232
     227     234     263     235     207     230     233     247     236     218
     204     237     208     216     232     244     214     220     223     242
     193     217     231     251     186     226     223     211     231     219
     198     219     217     217     209     230     218     222     225     237
     195     237     234     238     218     204     207     197     204     209
     250     187     187     210     251     199     198     253     232     209
     204     206     202     192     204     222     208     218     193     229
     230     220     211     213     212     226     215     238     209     192
     182     203     186     220     194     195     209     215     178     235
     215     229     216     216     201     223     189     212     207     206
     201     195     209     204     196     220     207     199     186     186
     216     211     226     207     208     217     174     200     204     163
     206     189     226     225     192     183     206     189     200     195
     209     202     204     202     196     221     217     196     206     200
     196     203     186     197     200     183     202     193     193     227
     204     213     191     187     203     208     166     178     185     188
     179     204     210     204     193     196     179     217     180     187
     198     193     173     176     206     195     233     176     197     190
     188     194     192     190     166     156     212     208     196     198
     183     206     173     169     220     178     179     216     175     183
     197     184     187     203     187     199     180     168     172     175
     165     205     169     209     191     199     176     193     172     191
     189     182     167     183     186     218     195     187     164     159
     209     183     175     193     193     185     154     188     164     204
     179     172     187     170     162     197     160     201     185     184
     208     185     176     189     187     160     187     201     168     201
     177     182     172     180     167     206     187     195     193     181
     179     153     161     182     174     198     206     159     201     191
     162     194     182     209     191     194     174     147     203     181
     213     187     167     170     167     173     175     190     198     189
     171     208     164     181     162     169     189     176     164     193
     193     165     190     197     168     194     151     170     181     184
     174     188     166     168     193     178     179     196     174     200
     166     190     160     148     170     178     156     157     184     159
     190     161     166     187     173     158     183     193     155     168
     192     160     167     171     156     167     166     196     173     181
     154     187     194     164     151     161     146     146     175     157
     175     164     158     172     185     166     164     165     184     165
     158     160     169     196     176     147     174     169     173     185
     178     146     154     178     167     154     177     173     192     183
     176     164     170     182     173     182     174     172     165     160
     163     198     154     150     177     155     155     144     172     177
     174     156     181     167     160     165     184     170     169     182
     156     163     151     154     192     178     170     178     204     164
     183     154     214     169     185     184     177     183     184     151
     192     185     164     173     174     193     174     178     179     188
     214     183     199     198     186     174     212     211     179     187
     202     208     198     194     203     195     191     219     170     205
     199     200     199     195     201     201     236     209     227     219
     231     237     219     214     200     188     212     224     221     226
     207     267     263     261     252     264     287     270     255     257
     254     323     294     289     296     319     314     296     319     319
     351     366     352     388     371     392     377     411     418     421
     440     496     464     542     578     585     548     633     637     651
     638     687     642     731     736     754     833     837     818     834
     887     935     902     975    1009    1045    1044    1007    1087    1108
    1161    1162    1274    1154    1140    1143    1123    1267    1214    1186
    1342    1229    1141    1213    1158    1164    1180    1195    1230    1149
    1112    1098    1082    1138    1076    1068    1006     924     928     921
     894     957     779     800     795     793     772     739     727     716
     652     614     704     617     560     519     510     531     449     437
     476     410     387     423     380     370     373     360     346     342
     299     322     291     317     238     278     308     285     277     241
     262     251     257     248     286     278     258     282     276     275
     284     294     332     309     309     333     359     414     377     378
     382     433     387     412     420     502     489     474     487     506
     477     466     483     463     455     437     487     486     490     425
     425     388     382     400     400     349     336     326     293     295
     247     234     215     239     221     211     225     208     173     168
     172     184     171     180     178     176     124   84369
