$Informacoes da Fluorescencia de Raios-X:
"Sample    : ti_34671",                                                                   
"Operator  : americo",                                                                    
"Comment  : ti_49.4micromatter",                                                          
"Group     : kerr2007ag180cal_lt",                                                        
"Date       : 2013-10-08 20:48:52",                                                       
"",                                                                                       
"Mesurement Condition",                                                                   
"------------------------------------------------------------------------------------",   
"Instrument : 700HS2   Atmosphere : Vac.   Collimator : 10(mm)   Spin : No",              
"------------------------------------------------------------------------------------",   
"Analyte               TG kV   uA      FI Acq.(keV)  Anal.(keV)  Time(sec)     DT(%)",    
"------------------------------------------------------------------------------------",   
"Na                    Rh 50  268-Auto Al  0 - 20    0.8 - 1.2   Live -  179   14",       
"Channel_info_start",                                                                     
"Channel : Na",                                                                           
"Points : 2048
"Range : 0.000000 - 20.480000",                                                           
"Step : 0.010000",                                                                        
"Channel_info_end",                                                                       
$DATA:
       0    2047
       0       0       0       0       0       0       0       0       0    2048
       0       0       0       0       0       0       0       0       0       0
       0       0       0       0       0       0       0       0       0       0
       0       0       0       0       0       0       0       0       0       0
       3      14      18      13      13      17      12      21      12      15
       9      16      13      17      10      14       8      22      19      15
      14       8      11      17      14      14      13       9      17      12
      15      10      16      19      13      10      18      13       9       6
      15      27       9      16       9      15      15       9      13      17
      10      21       7       9      14      14      12      13      18      21
      11      14      14      18      14      12      17      22      17      16
      13      13      15      16      13      15      10      24      19      11
      13      17      11      16      13      22      17      22      19      20
      11      15      20      18      16      15      13      10      13      17
      15      18      11      12      16      21      16      12      15      18
      11      12      15      17       8      25      18      23      24      26
      20      17      19      21      20      17      27       8      17      16
      32      16      19      11      20      14      16      23      27      21
      21      20      18      29      23      30      19      22      23      28
      31      23      29      18      28      17      28      22      28      21
      27      39      29      31      45      38      47      60      54      66
      64      67      48      59      67      62      40      48      36      40
      26      22      25      24      24      20      20      24      26      21
      18      20      17      29      23      24      27      20      25      16
      16      20      27      13      17      21      16      22      13      23
      15      28      21      18      19      22      19      23      26      32
      19      24      16      24      16      29      26      35      27      31
      27      36      28      40      52      63      59      64      88      99
     120     175     185     196     261     268     275     257     294     279
     240     223     191     163     107     110      66      64      46      44
      28      35      31      21      21      42      22      25      38      26
      35      38      23      26      26      34      33      43      29      39
      33      41      43      38      52      56      49      50      59      57
      46      39      56      63      40      56      44      49      36      35
      24      40      34      38      46      48      44      31      38      32
      36      42      27      40      37      43      51      34      38      34
      35      56      60      66      55      88      99      94     134     146
     164     192     272     340     380     432     453     571     552     612
     566     599     585     558     474     418     384     316     250     250
     182     205     144     153     143     130     117     131     129     131
     149     123     137     149     153     154     143     151     154     158
     166     174     177     158     164     188     154     147     123     150
     125     138     147     127     134     136     148     144     142     134
     141     164     152     173     178     170     182     204     194     243
     237     276     329     429     542     666     884    1383    1876    2768
    3908    5674    7079    9690   12541   16060   18765   22752   25921   29259
   29529   32424   31710   32287   29017   28280   24428   21906   17525   14987
   11566    9061    6503    5139    3394    2495    1599    1091     752     524
     371     253     232     195     178     199     220     251     257     372
     447     592     711     928    1173    1493    1693    2118    2477    2963
    3145    3519    3784    4027    4047    4007    3788    3575    3099    2868
    2456    2032    1573    1390    1104     824     561     453     320     225
     135     112      99      56      45      45      43      41      27      37
      26      29      27      31      38      32      34      33      29      33
      50      41      55      59      61      54      78      77      63      81
     102      77     101      94      86      84      64      78      77      66
      55      59      75      45      41      68      42      48      40      43
      45      42      42      42      40      44      37      40      50      41
      43      46      50      39      49      57      41      63      56      63
      62      66      52      57      67      89      79      85      77      77
      83     107      84      92      88      92      92      85      67      82
      61      44      75      64      63      60      66      68      49      69
      70      65      52      73      58      59      67      57      54      62
      66      61      73      70      69      85      64      77     107      85
      84      94     102     119     103     100     133     142     105     128
     148     149     114     133     140     128     141     124     132     124
     123     109     110     116     124     130     106     122     110      88
     105     111     109     106     105      97      84      99      96      81
      82      84      92      86      94      89      90      86      74      86
      82      97      89      87      88      87      84      72      83      76
      81      64      74      81      78      80      62     103      74      78
      83      76      78      92      77      73      75      52      62      77
      94      75      77      73      64      73      93      79      88      69
      66      74      81      78      72      63      70      68      84      75
      77      80      66      76      64      90      79      79      64      78
      71      57      77      66      66      63      69      66      88      75
      64      97      81      81      69      73      78      78      70      69
      61      78      70      85      75      80      78      78      82      67
      80      84      70      75      96      93      80      83      81      87
      68      81      92     108      82      86      87      89     109      98
      88      98      92      94      98      89      92      99     101      85
     104     126     122     110     124     124      99     108     114     107
     122      98     104      78      83     100      85      93      85      81
      72      87      91      84      88      86      77      91      91      90
      97      78      79      94      82      81      84      86      90     102
      81      77      80      88      90     101      81     104      87      84
      91      75      96      89      91      86      87      99     119     105
     106     112     109     107     126     116     121     136     114     100
      99     123      89     123     105      96      86     100     112      87
      81      87      92     103      83     102     106      81      89     112
     102     101      94      94     113     115     121     121     113     113
     100     121     120     125     127     134     124     140     119     110
     112      97     105      95      95      89      87     101      79      80
      90      91      70      86      77      79      89      89      78      95
      83      83      88      87      79      83      93      89      84      93
      88      92      99     107      75      80     101      87      90      84
      96      92     102      69      82      81      94      82     103     101
      95      97      86      87      95     100      84      82      79      98
     102      74      85     101      88      83      75      80      94      82
      69      77      79      96      73      89      70      84     102      90
      78      80      79      71      79      90      78      93     104      79
      99      71      78      86      77      81      84      80      61      69
      81      78      79      91      73      79      98      79      81      73
      83      86      78      76      81      85      71      84      80      96
      92      90      90      80      68      89      79      62      89      68
      79      77      78      80      89      80      69      60      80      86
      77      83      73      97      48      82      77      86      76      82
      86      86      79      80      76      90      77      78      74      55
      78      84      79      87      71      75      74      81      79      65
      82      80      71      73      82      80      75      61      86      94
      65      68      86      70      68      67      88      81      85      75
      75      81      71      80      69      72      83      70      88      66
      79      98      84      82      62      82      68      75      75      67
      68      80      69      73      72      94      93      89      83      82
      63      82      71      85      68      67      76      64      79      69
      74      85      67      80      97      93      64      91      70      80
      78      85      64      73      77      66      81      70      64      78
      72      82      83      66      70      81      74      90      64      70
      96      75      69      82      78      75      78      81      84      63
      74      76      67      74      81      87      78      60      93      79
      64      85      79      94      46      78      70      94      70      77
      86      92      82      86      77      76      81      76      68      76
      71      82      76      78      92      63      87      75      57      69
      65      72      85      67      62      72      63      64      76      67
      67      67      83      74      56      72      78      79      71      79
      88      82      75      61      67      69      65      55      72      71
      59      73      65      59      60      65      68      69      71      80
      63      70      89      64      62      73      75      67      63      83
      61      69      65      59      71      71      68      58      51      65
      77      73      70      78      78      81      76      69      64      61
      65      67      54      80      69      70      64      68      61      66
      64      77      73      71      71      77      82      62      69      60
      73      75      68      75      73      71      77      81      72      65
      63      68      50      86      75      70      72      62      65      67
      55      71      51      68      65      58      67      72      70      75
      65      60      64      61      52      62      70      73      62      74
      71      50      71      69      62      64      62      61      62      49
      69      77      51      64      54      67      57      85      75      69
      51      70      70      51      64      54      68      66      51      57
      62      61      52      59      70      69      68      58      56      64
      66      77      85      69      71      51      61      62      55      64
      59      65      51      61      48      71      59      69      70      56
      59      72      78      66      66      58      60      61      49      59
      66      67      62      67      68      54      51      58      54      70
      58      66      68      59      62      62      77      57      48      65
      71      72      56      60      52      57      67      51      63      60
      63      52      64      61      50      59      64      49      49      44
      62      69      55      51      65      57      66      59      59      61
      67      50      67      57      58      52      65      69      56      68
      49      66      52      62      60      48      72      70      69      61
      51      59      64      54      50      56      62      54      52      58
      46      51      60      57      71      50      54      68      63      61
      52      63      69      40      48      59      58      51      65      61
      59      74      61      59      51      57      56      59      70      65
      71      59      61      65      44      56      71      62      41      50
      47      50      47      49      54      42      67      70      57      42
      61      65      55      49      49      62      45      60      52      66
      62      63      59      54      50      60      60      69      56      62
      46      52      39      65      67      51      57      59      55      51
      44      49      60      56      70      60      50      51      55      52
      56      52      59      48      54      55      54      72      54      58
      49      70      55      46      54      45      49      54      50      43
      58      47      54      54      47      50      55      66      44      51
      52      51      47      44      43      42      52      47      50      64
      64      65      55      54      48      49      50      61      52      45
      62      57      66      49      57      59      61      42      45      51
      33      54      52      59      56      50      51      51      43      56
      61      50      41      50      56      61      51      39      40      44
      62      49      61      60      48      50      50      57      66      55
      56      58      42      56      52      41      54      39      54      47
      40      63      46      47      41      55      50      51      60      45
      52      51      43      40      42      49      50      51      43      36
      48      42      57      55      59      46      64      45      51      54
      44      46      45      52      51      54      52      50      57      56
      59      40      51      46      55      45      48      66      42      43
      48      54      51      67      51      46      47      43      55      43
      44      57      43      35      47      50      43      41      35      58
      48      41      50      62      51      58      49      49      59      50
      54      52      52      60      31      38      47      51      54      57
      51      63      49      44      40      40      66      49      44      62
      49      56      58      46      46      45      49      58      51      52
      50      55      44      64      42      51      44      63      50      44
      35      47      54      62      56      50      51      62      62      51
      64      58      56      43      50      56      56      77      58      45
      58      65      52      64      61      61      61      63      59      62
      66      60      69      51      65      70      69      58      67      62
      58      83      77      64      82      81      89      80      71      83
      78      89      61      76      90      68      85      96      86      93
      77      96     102     120      97     108     119     109     127     137
     126     145     143     138     126     146     174     152     187     206
     186     191     193     204     209     211     238     245     241     245
     234     284     285     273     295     308     327     284     313     311
     323     314     355     316     299     330     346     333     362     362
     409     363     328     357     337     350     354     349     326     336
     302     308     280     339     289     314     238     295     260     281
     282     235     233     217     217     232     227     236     192     235
     188     172     183     193     152     170     147     161     136     133
     132     126     114     107     111     104      88      97      93     103
      87      89      80      80      69      85      75      71      72      76
      76      71      67      65      84      78      75      84      79      92
     101      82     103     138      98     106     137     127     134     138
     132     133     136     149     150     172     161     154     148     171
     147     162     143     167     169     153     168     161     141     142
     147     122     112      94     114      79     112      89      69     101
      71      66      65      66      50      65      62      57      51      50
      33      47      44      38      55      42      48   23743
