$Informacoes da Fluorescencia de Raios-X:
"Sample    : scf3_34670",                                                                 
"Operator  : americo",                                                                    
"Comment  : scf3_52.7micromatter",                                                        
"Group     : kerr2007ag180cal_lt",                                                        
"Date       : 2013-10-08 20:42:44",                                                       
"",                                                                                       
"Mesurement Condition",                                                                   
"------------------------------------------------------------------------------------",   
"Instrument : 700HS2   Atmosphere : Vac.   Collimator : 10(mm)   Spin : No",              
"------------------------------------------------------------------------------------",   
"Analyte               TG kV   uA      FI Acq.(keV)  Anal.(keV)  Time(sec)     DT(%)",    
"------------------------------------------------------------------------------------",   
"Na                    Rh 50  596-Auto Al  0 - 20    0.8 - 1.2   Live -  179   15",       
"Channel_info_start",                                                                     
"Channel : Na",                                                                           
"Points : 2048
"Range : 0.000000 - 20.480000",                                                           
"Step : 0.010000",                                                                        
"Channel_info_end",                                                                       
$DATA:
       0    2047
       0       0       0       0       0       0       0       0       0    2048
       0       0       0       0       0       0       0       0       0       0
       0       0       0       0       0       0       0       0       0       0
       0       0       0       0       0       0       0       0       1       4
      13      28      35      36      21      45      26      33      21      33
      20      27      24      23      19      34      21      25      18      33
      23      17      18      25      34      28      30      26      32      19
      16      25      26      27      21      27      24      29      25      28
      36      30      20      38      27      29      25      24      19      26
      26      26      26      27      23      19      30      21      30      29
      21      26      24      32      20      30      27      29      23      12
      17      24      24      32      29      18      29      27      25      24
      19      29      23      21      18      30      19      32      30      34
      26      28      38      26      20      23      25      24      31      27
      23      28      24      27      19      20      20      21      20      36
      21      35      23      35      35      44      28      44      34      28
      38      25      40      39      30      25      27      24      18      30
      40      33      37      34      31      37      46      32      37      44
      40      54      55      54      54      52      55      49      57      54
      48      38      35      46      36      36      44      38      64      58
      60      64      68      62      94      93     135     146     161     172
     162     217     194     157     158     154     111     110      98      88
      71      56      56      46      48      50      36      37      44      52
      41      47      55      50      49      53      81      91     116     163
     163     194     233     250     251     257     265     267     205     209
     144     139     115      84      62      57      51      51      53      44
      38      28      28      31      35      37      21      23      29      40
      34      32      32      31      43      47      52      58      62      67
      81      74      68      75      73      55      58      63      55      57
      43      47      33      55      41      54      41      36      44      40
      45      38      33      36      42      42      36      40      44      44
      30      40      54      29      43      31      39      38      45      47
      44      38      46      60      37      70      48      43      47      57
      71      69      52      54      78      79      76      70      78      92
     100     105      88      99     107     106     101     121      99      98
     111     109      97     118     101     121      99     107     113     116
     123     144     141     189     189     217     244     317     345     402
     549     697     821    1023    1207    1467    1569    1824    1944    2134
    1994    2052    1940    1840    1574    1419    1227    1054     761     750
     510     468     368     335     308     305     248     292     271     302
     344     413     488     615     740    1090    1531    2180    2917    4566
    5528    7778    9466   12268   14716   17784   19054   22353   23630   25161
   24105   24562   22834   21707   18811   16802   13696   11327    8444    6871
    4834    3627    2502    1687    1121     729     534     403     322     259
     266     315     342     384     453     573     698     949    1107    1415
    1680    2042    2297    2614    2872    3097    3082    3356    3239    3186
    2743    2624    2337    1984    1659    1438    1144     856     660     549
     401     291     223     192     160     123      97     110      97      86
      62      97      75      82      76      73      90      69      58      71
      66      91      53      72      74      60      61      72      57      63
      67      55      69      58      62      67      61      55      52      70
      52      62      60      63      68      69      58      59      73      61
      62      67      44      64      56      66      71      73      77      82
      60      62      63      67      66      76      72      68      68      76
      70      70      56      76      85      92      74      88      90      85
      90      71      83      89      95     103      81     112      85      85
      94      97      72     110      90      90     103      91     105     100
      94     104      84      90     100     100      91      90     101     101
     103      88     114     104      91     102      91      93      93     105
     103     103     106     111     103     111     121     115     105     113
     113     105     110     126     110     122     116     111     118     118
      94     127      97     111     113     117     111     127     125     132
     122     134     118     114     127     125     146     132     132     127
     141     144     122     119     128     120     141     116     124     128
     130     142     157     152     120     153     148     144     145     145
     130     154     150     153     147     166     140     161     164     158
     138     127     130     156     144     168     134     142     145     135
     155     153     137     128     161     171     156     130     154     172
     147     146     191     136     188     137     155     170     165     205
     180     186     171     169     155     186     164     167     160     170
     170     188     164     176     155     154     169     178     152     165
     179     154     164     161     170     165     187     186     152     159
     152     140     149     167     173     164     166     166     124     168
     156     171     159     154     171     149     140     137     171     176
     156     142     150     161     133     168     165     156     160     149
     124     168     142     159     153     182     141     154     160     137
     179     162     157     144     168     163     164     142     155     150
     148     156     143     156     158     178     170     163     205     171
     171     180     157     154     175     182     152     165     180     180
     194     190     187     230     214     188     184     196     197     210
     199     204     229     203     210     209     212     189     225     246
     268     245     237     239     295     298     273     266     261     291
     271     303     269     253     247     260     260     235     224     222
     233     244     251     214     228     201     181     204     181     202
     162     180     166     171     162     169     172     181     188     164
     170     192     194     184     165     165     154     164     196     214
     190     182     169     237     207     224     210     275     249     270
     287     291     270     298     293     262     251     282     245     242
     228     282     212     231     218     192     225     189     177     167
     173     208     155     189     167     222     193     183     180     177
     156     161     203     157     175     166     186     185     186     171
     159     174     160     183     162     186     180     179     150     184
     142     160     155     180     158     168     194     167     177     167
     187     168     192     181     152     179     177     198     197     210
     181     173     187     200     179     162     176     224     172     183
     193     203     173     169     191     159     187     186     210     161
     173     196     217     192     180     183     190     187     181     188
     226     204     170     199     181     174     165     130     185     173
     175     159     197     200     158     178     187     167     161     172
     184     178     168     185     182     160     159     184     169     180
     131     174     167     172     141     131     165     163     167     172
     171     191     162     152     170     159     144     172     146     144
     167     165     169     162     167     167     160     178     159     149
     158     156     166     162     177     159     142     155     169     163
     148     168     154     156     150     133     179     150     172     163
     157     176     160     142     152     157     148     176     154     181
     153     163     156     161     137     183     163     164     159     180
     162     161     168     157     142     153     165     182     156     164
     168     181     155     170     135     159     166     196     142     169
     149     160     174     160     172     150     150     171     171     168
     150     176     152     156     158     145     161     167     152     207
     154     158     159     161     158     143     138     158     124     160
     142     154     178     165     144     140     146     152     161     149
     164     167     147     153     142     176     160     133     166     164
     146     160     171     156     168     146     165     152     162     148
     173     159     175     164     198     156     171     145     144     149
     161     162     138     161     149     163     168     147     146     177
     170     158     138     158     177     169     152     154     170     172
     139     158     148     161     153     144     171     148     149     159
     139     136     145     157     152     143     152     134     141     163
     150     145     145     154     130     136     160     155     129     152
     162     149     141     171     157     150     144     165     152     162
     146     143     129     159     117     153     159     146     131     149
     169     171     136     142     141     146     167     140     160     144
     128     143     130     138     117     145     165     139     140     139
     150     125     145     156     171     180     139     154     169     136
     135     154     141     152     144     149     136     135     133     148
     165     130     149     139     144     143     144     158     142     155
     136     165     134     141     132     141     135     136     131     163
     135     132     140     142     130     135     147     134     136     130
     144     131     136     150     140     149     142     146     126     142
     149     146     125     137     150     146     135     128     148     159
     127     125     150     160     126     131     136     132     150     142
     130     146     122     141     117     136     138     137     132     131
     149     144     136     119     136     143     138     162     138     119
     136     144     119     126     126     134     137     136     139     159
     141     139     147     147     126     133     145     155     122     137
     155     166     141     121     123     128     149     118     139     129
     126     132     136     118     148     115     149     133     128     137
     115     103     135     120     144     142     138     116     153     142
     141     126     127     114     131     155     140     138     146     165
     122     125     115     118     128     154     131     117     135     145
     124     145     137     121     116     138     128     124     115     124
     136     141     124     101      99     106     118     140     135     149
     132     105     120     137     103     141     129     126     120     119
     122     153     126     117     122     122     109     129     135     138
      99     105     127     155     124     106     102     128     125     109
     135     149     114     112     122     107     126     119     120     116
     113      98     117     117     131     118     114     116     109     126
     139     136     112     106     128     120     124     115     106     115
     113     101     114     137     123     124     127     121     116     118
     131     105     114     131     121     111      90     123     118     111
     127     119     133     122     116      88     124     128     117     112
     110      98     116     116     137     123     115     106     114     110
     109     105     135     120     111     106     106     113     119     116
     116     135     119     103     121     116     133     135      99     107
      87     109     114     131     127     117     132     122      99     109
     115     133     105     120      96     102      97     107     119     136
     119     114     113     106     112     112     125     112      94      87
     109     123     104     141      98     132     110     135     122     119
     107     122     115     101     109     105      94      98     102      91
     125     113     115     105     112     124     106     116     116     118
      97     104     113     118     120      97     121     101      98     122
      74     116     122     101     120     111     105     116     119     115
     122      86     116     107      91      93     103      94      94      94
     111     102     118     133     111     128      82     113     111     118
     105     107      89     121     106     112     120      93     106      93
     103     114      91     102     106      99     104      97     107      96
      95     105      89     115      81     109     103     112     103     100
      97     100      92      97     112     102      85     106      89     106
     120      94      98     106      91     104     103     103      92     111
     107      92     107      86     107     100     100      90      92      88
     110      96     114     104      96      90      95     100     112      84
      94     113     101     115      97     101      98     115      99     124
     127     114      91      98     118     104      82     103      82     107
     112      96      98     101     111     112     109      86      91      98
     101      94      89      92     109      96     105     111      97     105
      97     107      83     105     106     115     101      92     111     104
      95     120     102      90     116     118     128     115      97     105
     107     105      92     113     114      99      99     109     111     125
      92     110     127      91     109     115      91     122     104      99
     124     112      89      97      99     103     114      96     123     113
     121     126     119     104     109     123     116      96     113     124
     129     109     105     110     113     118     129     134     118     123
     117     120     115     118     128     130     131     112     142     140
     128     133     141     141     134     154     125     134     128     146
     123     140     130     154     154     167     171     141     152     165
     168     162     163     171     169     205     169     170     173     197
     203     227     222     224     206     224     227     251     220     258
     279     279     292     335     349     353     354     374     369     420
     399     401     428     471     460     456     513     531     529     523
     571     575     585     565     667     647     614     668     673     680
     683     678     769     703     682     738     740     755     671     708
     784     680     718     703     748     700     693     763     675     691
     635     636     676     658     573     630     645     621     569     581
     532     524     517     500     479     496     422     444     385     389
     384     347     379     345     290     294     312     287     276     293
     286     270     224     216     254     214     228     201     185     221
     197     159     171     189     163     164     176     154     157     129
     152     150     134     162     182     146     140     184     173     197
     178     163     182     218     213     217     213     259     248     269
     244     270     274     279     268     265     264     251     278     327
     332     297     339     310     272     271     293     266     243     269
     236     270     230     211     197     211     206     192     182     160
     154     120     116     137     135     115     119     123      91      91
      84     100      97      86      86      99     100   49234
