$Informacoes da Fluorescencia de Raios-X:
"Sample    : ge34684",                                                                    
"Operator  : americo",                                                                    
"Comment  : ge_52.6micromatter",                                                          
"Group     : kerr2007ag180cal_lt",                                                        
"Date       : 2013-10-09 00:09:06",                                                       
"",                                                                                       
"Mesurement Condition",                                                                   
"------------------------------------------------------------------------------------",   
"Instrument : 700HS2   Atmosphere : Vac.   Collimator : 10(mm)   Spin : No",              
"------------------------------------------------------------------------------------",   
"Analyte               TG kV   uA      FI Acq.(keV)  Anal.(keV)  Time(sec)     DT(%)",    
"------------------------------------------------------------------------------------",   
"Na                    Rh 50  168-Auto Al  0 - 20    0.8 - 1.2   Live -  179   16",       
"Channel_info_start",                                                                     
"Channel : Na",                                                                           
"Points : 2048
"Range : 0.000000 - 20.480000",                                                           
"Step : 0.010000",                                                                        
"Channel_info_end",                                                                       
$DATA:
       0    2047
       0       0       0       0       0       0       0       0       0    2048
       0       0       0       0       0       0       0       0       0       0
       0       0       0       0       0       0       0       0       0       0
       0       0       0       0       0       0       0       0       0       1
      10      25      20      22      20      14      20      21      24      22
      22      12      24      16      20       9      22      20      15      13
      16      15      11      17      13      14      12      13      12      17
      10      14      11      12      12      11      14      13      14      12
      16      12      13      14      14       5      15       9      11      10
      10      17      13       9      12       8      10      13      12      14
      14      15      12      21      10      14      24      22      19      30
      42      37      42      59      48      74      65      70      68      77
     115     113     160     191     249     389     464     658     680     827
     850     945     825     875     731     694     533     513     316     293
     213     204     144     109      69      69      44      43      27      29
      18      30      18      20      24      16      19      12      18      25
      16      16      14      12      14      10      16       9       9      15
      17      15       7      13       6      14      13       8      19      10
      12      12      19      16       8      10      12      12       8      10
      11       9      19      13      15      14       4      15      13      14
      22      19      26      14      22      33      37      36      46      39
      54      52      52      54      45      48      32      46      24      17
      12      17      16      18      12      16      10      10      10      12
      11      11      12       9       3       8      13       6      12       6
      10       9      11       5       9      16      10      14       4       9
      11       9       3       9      10       8       6      10       5       5
      10      10      11       3       3       8       6       8      12      12
      11      10       8       6       8      12       8      13      11      16
       8       8      12       7       7      14      13      11      11      14
      11      11      14       8       7      12       7      10      19      11
      11       9       7       9       9      10      13      10      11      10
       7       6       7       6       7       5       5       8       3       8
       6      13       6       8      10      13      14      13      11       9
      11      11       4      12      10       8       5       9      12      21
      13      12       9      10       9       9       8       5       9       3
       9       7       5      13      12      17      14      13      10      22
      19      26      19      22      21      43      50      57      59      95
     121     151     195     277     300     415     409     556     539     610
     573     572     520     505     424     368     316     238     174     147
     117      67      80      44      38      40      32      37      33      37
      40      27      36      40      45      36      46      68      72      73
      75      91      86      91      83      73      66      65      47      64
      41      51      35      34      19      28      16      29      21      14
      16      14      14      23      18      14      21      27      23      23
      20      19      25      30      23      22      28      35      33      28
      20      21      20      35      29      28      34      35      28      33
      33      28      43      33      32      45      30      40      24      43
      34      27      36      43      25      32      28      32      29      23
      22      36      26      30      29      28      24      32      28      23
      13      32      24      18      21      17      21      22      32      18
      29      21      19      26      23      18      21      28      20      23
      24      25      23      22      24      21      18      23      21      28
      18      25      26      14      26      19      23      20      17      28
      24      39      24      32      30      26      22      23      29      26
      28      17      32      32      38      24      26      25      34      36
      33      33      30      28      29      26      21      32      28      34
      28      32      37      37      28      37      18      50      34      42
      35      28      28      39      38      34      34      46      32      27
      36      37      40      39      35      29      38      44      42      32
      37      40      44      39      44      40      35      47      36      38
      39      48      44      32      41      53      50      45      51      35
      43      46      38      42      47      50      48      27      50      55
      44      49      39      56      52      47      54      49      48      57
      46      48      57      53      55      42      72      52      61      59
      52      51      71      53      68      60      66      69      62      74
      73      73      64      79      79      54      72      67      50      65
      56      60      65      41      66      60      56      58      59      61
      61      60      70      63      53      71      59      55      60      76
      59      63      67      69      52      59      62      72      64      67
      67      74      60      58      46      56      52      66      52      93
      62      64      73      65      48      68      51      58      61      74
      75      72      65      53      51      69      51      61      67      73
      58      68      73      74      53      47      62      66      55      58
      56      51      54      66      66      54      72      55      66      53
      61      51      56      52      62      62      61      62      67      69
      69      67      73      56      82      75      77      72      65      72
      68      89      62      67      75      64      66      71      67      66
      60      53      56      35      55      67      71      61      61      58
      53      61      67      65      57      57      48      68      49      77
      63      79      81      77      79      63      82      83      62      84
      67      69      81      78      80      68      83      86      97     113
     112     113     106     127     117     116      96     122     120     114
     138     132     113     115     121     129     108     114      98      88
      80      97      97     102      77      96      80      80      66      72
      78      60      61      69      81      88      55      68      64      61
      67      58      59      70      65      65      71      69      81      71
      67      81      74      85      85      98      77      97     115      80
      98     104      95      94     103     119     114      99      97      81
     103      86      91      99      75      79      95      66      73      73
      65      88      69      58      58      69      75      72      64      78
      55      75      60      70      59      71      57      56      69      74
      59      76      57      74      65      61      74      65      65      61
      64      89      76      72      70      59      62      83      76      79
      83      74      77      78      65     102      78      81      81      81
      78      83      71      84      74      93      84      91      84     108
     100     105      87     118     112     104      93     120      94     108
     101     112     134     121     129     150     134     152     149     173
     220     239     283     342     450     605     730     930    1216    1722
    2122    2701    3560    4517    5441    7050    8265   10290   11320   13729
   15550   17843   18987   21171   23266   24791   24750   26177   26197   27073
   25542   25280   24945   23521   20687   20067   17612   16166   13578   12110
   10457    8988    6836    5932    4647    3886    2878    2323    1815    1351
     986     767     559     434     308     246     216     178     163     121
     123     108      84     114     108     100      80      86      95     101
      98      87      99      74      86      78      95      88      77     102
      82      91     105      83      80      90      86     104      93     110
      94      89      80      89      96      94      91      94      89     107
     127     115     118     109     114     123     141     128     140     138
     142     162     145     167     168     199     221     268     328     378
     445     533     632     760     852    1102    1275    1539    1659    1975
    2102    2429    2692    2983    3006    3423    3451    3720    3477    3797
    3672    3716    3481    3519    3139    2966    2657    2456    2263    2099
    1762    1586    1390    1192     930     835     682     645     467     416
     337     284     210     186     170     127     116      76      85      63
      57      72      63      64      52      45      48      44      59      53
      50      47      47      52      39      54      53      46      47      50
      56      48      45      36      52      55      50      53      42      46
      33      42      39      36      50      53      43      50      47      51
      42      53      57      41      38      46      46      44      41      52
      45      42      42      43      43      42      39      56      37      50
      33      49      45      53      40      50      57      39      40      56
      50      54      34      41      46      50      41      47      58      48
      42      46      51      49      50      43      46      44      48      34
      53      48      45      39      52      29      48      49      53      59
      29      34      44      52      36      47      53      46      44      57
      48      51      46      47      48      46      38      50      35      57
      44      50      49      50      33      46      40      54      41      44
      39      43      33      43      37      52      58      49      49      50
      36      46      39      46      45      45      42      35      30      49
      48      39      39      49      53      46      43      39      58      43
      43      46      49      42      44      53      37      48      52      43
      47      44      46      46      39      51      40      42      51      46
      33      38      45      40      40      49      40      51      26      45
      42      42      37      40      45      33      42      49      41      40
      45      37      45      37      37      51      34      40      39      39
      51      52      41      45      34      34      41      43      37      43
      39      42      47      41      45      40      36      47      51      49
      47      35      45      48      32      44      39      35      44      42
      36      48      39      47      43      45      41      45      41      49
      38      29      35      40      45      46      34      36      50      54
      28      32      30      48      28      44      37      44      33      46
      40      37      39      47      43      42      49      30      35      37
      37      48      46      44      33      35      48      43      30      41
      41      32      38      33      35      34      51      38      36      47
      38      40      38      43      42      35      33      30      38      42
      30      27      42      38      40      41      45      45      33      39
      27      45      33      47      33      35      46      39      40      47
      42      36      40      35      41      40      38      40      50      36
      44      40      45      43      42      41      40      30      38      29
      43      37      34      33      43      26      28      22      44      36
      38      43      35      39      38      36      32      45      30      40
      24      36      37      39      48      33      34      35      38      32
      40      44      39      33      37      36      39      37      34      40
      29      45      43      34      30      41      32      27      34      29
      36      28      32      48      36      39      34      37      23      40
      32      29      32      38      29      35      38      46      35      46
      42      28      45      35      21      34      43      30      36      36
      24      32      35      32      33      39      29      34      33      42
      27      43      27      27      34      41      42      29      28      22
      30      37      27      33      48      49      36      43      25      29
      28      36      37      36      27      28      20      21      26      41
      43      37      32      37      37      29      28      33      30      36
      36      42      30      48      32      36      41      42      32      43
      34      26      29      39      48      40      34      38      36      38
      28      27      45      27      32      30      29      24      28      32
      51      44      33      33      35      38      16      33      44      40
      35      26      29      36      38      33      23      33      25      28
      36      28      29      39      38      29      24      41      24      36
      26      33      37      27      40      41      34      35      27      37
      45      37      29      40      22      23      27      23      36      34
      27      29      30      33      30      34      36      38      26      24
      26      33      34      33      37      29      44      39      35      25
      34      38      32      27      34      42      33      35      35      29
      38      27      39      28      26      37      29      26      39      28
      30      34      37      35      36      28      34      27      32      18
      26      29      36      34      26      36      33      32      24      34
      27      42      32      27      27      40      30      34      32      25
      26      33      39      35      32      29      35      24      17      38
      35      36      42      33      22      34      28      30      33      41
      26      36      35      25      35      35      27      29      36      29
      28      26      46      32      35      37      35      34      24      37
      46      32      29      27      40      29      37      35      34      18
      38      39      39      30      26      21      37      38      38      29
      39      37      33      37      29      41      39      40      33      28
      45      33      49      37      30      33      34      48      43      41
      32      39      34      37      42      50      47      34      41      32
      48      48      50      43      49      41      56      53      44      54
      50      51      50      47      63      66      50      46      47      71
      53      52      55      66      89      60      63      81      64      82
      81      75      83      87     103      96     107     118     117     118
      99     106     128     138     138     132     143     138     136     161
     156     150     171     180     170     184     166     183     205     186
     191     186     216     208     184     196     216     212     213     202
     229     230     219     182     204     199     192     195     200     189
     190     209     179     196     186     166     179     185     161     157
     174     160     150     152     140     147     120     129     143     136
     110     124     125     105     103     117      96     102      91      99
     109     101      72      94     105     104      99      93      99      76
      88      97     104     118      77      91      86     102      87      74
      93      99      96      80      79      61      83      86      81      75
      61      72      82      84      83      75      95      85      76      71
      97      93     103      88      89      95      84      99     109     117
     112     106     117     108      83     104     117     105     103     105
      96      99     108      93      63      90      62      64      69      63
      66      44      42      43      49      51      50      38      33      42
      37      34      26      28      21      33      38   15549
