$Informacoes da Fluorescencia de Raios-X:
"Sample    : srf2_34688",                                                                 
"Operator  : americo",                                                                    
"Comment  : srf2_54.4micromatter",                                                        
"Group     : kerr2007ag180cal_lt",                                                        
"Date       : 2013-10-09 01:04:23",                                                       
"",                                                                                       
"Mesurement Condition",                                                                   
"------------------------------------------------------------------------------------",   
"Instrument : 700HS2   Atmosphere : Vac.   Collimator : 10(mm)   Spin : No",              
"------------------------------------------------------------------------------------",   
"Analyte               TG kV   uA      FI Acq.(keV)  Anal.(keV)  Time(sec)     DT(%)",    
"------------------------------------------------------------------------------------",   
"Na                    Rh 50  237-Auto Al  0 - 20    0.8 - 1.2   Live -  179   15",       
"Channel_info_start",                                                                     
"Channel : Na",                                                                           
"Points : 2048
"Range : 0.000000 - 20.480000",                                                           
"Step : 0.010000",                                                                        
"Channel_info_end",                                                                       
$DATA:
       0    2047
       0       0       0       0       0       0       0       0       0    2048
       0       0       0       0       0       0       0       0       0       0
       0       0       0       0       0       0       0       0       0       0
       0       0       0       0       0       0       0       0       0       1
      14      23      22      31      37      29      27      28      18      21
      27      35      18      35      22      37      23      29      37      40
      25      27      37      29      36      37      36      37      41      34
      31      30      22      41      41      54      30      48      27      37
      33      32      33      36      33      34      28      32      20      24
      37      31      24      26      28      22      29      34      28      29
      24      25      21      24      19      19      14      17      20      28
      18      18      26      36      23      27      12      14      21      13
      16      19      23      27      14      25      26      19      20      19
      22      26      20      23      25      26      13      24      20      17
      25      23      21      18      22      21      21      23      19      15
      14      22      22      26      27      22      25      36      40      38
      50      45      52      71      73      88     102     135      98     147
     144     157     169     140     138     149     126     155     156     166
     153     242     310     396     507     744     893    1166    1321    1628
    1805    2042    1925    2061    2008    1944    1679    1623    1477    1312
    1112    1045     804     720     588     511     455     377     313     242
     199     195     136     159     116      85      62      55      55      43
      31      29      39      30      22      30      42      40      29      33
      35      38      37      32      26      29      28      32      18      23
      21      28      11      19      13      15      15       7      13      11
      10      13      11       9       9       7      12      12      15      12
      16      19       9      12      10       7      16      17      13       8
      21      12      16      14      11      13      13      14      12      20
      10      18      10      16      21      12      19      17       9      15
      12      20      10      13      17       9      11      11      17      17
       9      13      19      14      13      11      10      10      10      15
      12      17      20      13      11      15      16      12      15      17
      13      14      12      11      16      17      15      19      16      16
      14      18      14      23      16      20      14      19      16      19
      16      16      17      18      10      14       9      19      17      18
      10      17      14      14      13      22      19      19      18      15
      22      21      36      28      35      36      50      75     105     122
     145     220     292     332     438     549     612     668     714     779
     747     755     693     647     578     468     417     344     267     200
     148     107      77      75      49      54      45      44      37      43
      47      51      55      39      55      59      64      92      82     101
     112     123     113     112     123      89     102      78      68      63
      55      48      44      37      24      29      33      27      18      20
      27      22      19      25      16      31      12      17      23      20
      20      33      31      35      29      32      42      39      27      33
      35      44      43      46      36      48      42      44      46      39
      55      43      50      62      52      43      40      42      36      42
      48      28      36      47      28      39      29      36      33      46
      31      32      36      22      33      33      27      30      24      27
      23      27      21      35      32      39      28      27      41      30
      37      27      24      34      24      35      25      29      37      20
      30      24      24      29      26      23      32      23      17      23
      18      28      27      29      36      32      38      31      26      32
      29      29      24      30      38      26      24      27      37      41
      32      45      37      27      44      25      27      30      34      36
      40      35      40      38      31      40      47      32      36      37
      59      48      23      43      35      40      32      39      37      50
      53      38      37      50      46      65      49      55      41      64
      56      60      56      56      50      53      51      61      50      75
      70      59      58      68      67      89      47      60      62      71
      69      70      56      71      49      72      62      63      59      47
      58      59      54      67      56      56      43      43      58      45
      60      58      59      53      58      49      49      59      64      52
      54      54      58      64      49      55      75      60      62      72
      76      82      81      77      84      58      76      88      83      90
      89      84      76      81      73      98      69      85      89      87
      85      83      74      86      92      80      83      81      95      88
      75      84      84      78      85      69      59      82      78      87
      73      82      78      74      74      87      76      72      75      77
      90      70      60      93      79      78      95      66      57      82
      71      75      95      74      83      64      70      84      59      70
      78      71      73      74      78      86      71      77      58      68
      80      80      47      81      63      59      67      73      64      76
      70      67      64      79      82      68      62      74      49      78
      61      65      68      90      68      81      72      84      69      72
      81      80      76     102      85      76      64      72      74      77
      84      86      97      92      76      77      79      76      69      81
      80      79      69      89      70      78      97      78      81      90
      72      83      84      68      69      90      82     110      77     100
      78      95      95      98     100      96      90      90      78     102
     105     107      97      90     108     105     115     118     142     127
     121     174     142     140     158     174     179     172     166     181
     217     203     192     199     196     188     166     184     159     158
     165     153     149     116     105     107     104      98     102      85
      78      85      84      65      94      74      68      76      75      70
      86      73      75      70      84      66      68      70      81      92
      87     103      82     104      74     106      98      86     117     126
     106     126     111     124     105     111     109     137     104     120
      94     104      93      88     111     108      88      87      81      83
      81      68      82      98      92      78     107      69      64      79
      68      73      85      81      69      81      88      74      80      69
      69      85      76      64      72      85      79      67      63      68
      76      92      61      87      81      71      75      78      80      74
      87      92      83      99     104      92      88     118     105      99
     113     110     125     138     121     148     124     132     122     114
     117     112     128     119     127     109      96      93      98     108
      90     109      90      87      88      97      91      94      99      98
     115      88     109      93      95      96      85      99      98      99
      89      91     103      87      87      95      83      96      74      91
      74      72      71      89      78      91      70      83      84      93
      85      85      81      94      83      74      83      83      89      80
      71      82      83      78      80      86      68      88      69      94
      63      80      81      69      69      74      93      58      77      97
      76      66      78      78      71      70      79      66      81      77
      85      76      75      68      60      81      78      74      84      72
      61      80      61      86      73      79      66      73      65      66
      62      64      76      69      69      76      77      71      77      75
      61      87      72      68      79      75      64      70      64      70
      66      78      64      94      68      84      55      66      77      64
      90      75      72      89      71      73      85      57      70      87
      79      76      74      77      87      79      78      73      69      87
      83      83      78      78      72      81      74      56      68      66
      66      65      62      72      82      69      66      82      86      66
      65      93      57      67      58      71      72      87      74      76
      82      66      75      77      57      67      85      70      69      69
      71      71      65      58      86      56      60      67      76      82
      69      67      73      68      76      73      67      66      56      84
      65      68      60      82      71      77      70      66      67      54
      61      80      59      70      62      66      73      67      68      73
      67      75      80      61      70      72      69      75      65      62
      62      58      70      71      71      58      60      61      54      59
      70      74      75      65      66      69      69      58      69      63
      69      56      74      65      63      62      71      65      74      77
      62      72      60      66      87      77      67      68      74      64
      55      70      79      68      78      65      46      82      66      73
      85      64      67      67      73      63      74      78      66      85
      71      84      70      71      57      63      52      50      74      65
      69      69      56      68      46      65      66      60      72      65
      61      61      64      84      60      64      60      64      60      67
      63      55      76      79      76      62      62      64      63      63
      51      73      62      66      74      64      68      66      70      67
      67      80      56      48      57      54      61      59      70      52
      58      57      63      77      63      62      85      79      61      68
      69      81      79      65      64      68      78      60      86      79
      71      77      83      80      72      72      71      74      76      72
      72      75      80      81      80      82      71      80      73      75
      79      85      94      84      90      84      84      90      81      83
      85      86      96      87      78     106      92      83      84      92
      96     108     114     107     104      99     110     117     122     139
     162     186     174     242     258     336     394     469     587     747
     801    1145    1354    1675    1933    2389    2942    3442    3910    4547
    5502    6332    6815    7837    8736    9704   10223   11409   12844   13334
   13461   14343   14802   15374   14972   15646   15514   15869   14858   14733
   14190   13599   12553   12220   11001   10371    9018    8405    7552    6724
    5654    5168    4427    3895    3217    2629    2164    1868    1436    1153
     970     757     610     478     377     329     261     225     179     131
     119     108      90      92      81     104      81      87      72      79
      57      64      79      68      58      84      72      62      76      67
      75      62      78      85      63      68      62      55      59      49
      70      61      75      85      63      56      72      60      73      54
      55      68      60      66      62      79      65      65      71      64
      65      60      61      69      49      68      70      56      67      70
      72      65      67      68      74      55      69      77      76      78
      78      65      68      62      58      57      62      52      69      76
      78      91      87      95      72      83      82      68      73      74
      80      74      85     102      73      89      96      94      95      96
      89     107     115     122     136     143     113     169     191     216
     284     306     335     390     487     537     624     720     790     965
    1045    1226    1302    1462    1579    1665    1850    2010    2126    2159
    2255    2371    2287    2459    2422    2488    2344    2396    2309    2265
    2117    2180    2109    1988    1723    1600    1527    1476    1265    1227
    1120    1018     919     871     772     730     598     643     574     560
     463     482     458     440     376     372     343     328     284     266
     270     228     239     221     183     173     126     121     104     131
      89     110      87      79      71      73      57      60      55      54
      43      49      45      56      48      46      58      35      39      48
      34      44      38      46      54      43      53      50      40      43
      53      38      40      44      50      49      36      50      50      55
      46      39      48      47      31      56      46      47      36      49
      49      38      34      38      40      43      33      48      39      43
      41      34      40      39      46      41      42      38      46      53
      40      33      41      42      38      43      40      44      42      56
      37      43      37      59      35      39      40      39      36      40
      34      44      35      28      38      34      52      43      49      29
      40      49      48      47      33      44      44      37      61      43
      39      30      50      38      28      41      35      42      49      37
      45      42      40      47      36      46      43      49      50      53
      42      30      44      46      32      46      56      45      42      46
      30      37      40      35      42      27      43      48      38      49
      47      40      36      40      50      42      46      50      44      41
      47      36      69      40      44      38      40      39      44      45
      32      36      43      49      43      41      33      53      51      45
      37      40      37      47      41      43      62      45      53      56
      47      62      31      45      64      40      38      48      58      44
      55      58      62      38      52      43      62      57      55      47
      65      65      49      47      48      64      49      61      52      50
      54      69      60      56      40      70      57      55      59      68
      49      64      60      66      59      63      75      81      59      75
      82      86      76      79      81      97      89     118      82     103
      97     112     122     134     124     138     121     128     145     136
     147     151     162     173     148     159     208     176     186     209
     206     212     229     216     201     275     239     238     262     284
     260     255     288     273     259     285     291     258     271     285
     292     249     262     251     260     255     239     263     262     284
     259     248     227     253     213     243     229     230     202     214
     208     224     193     212     189     180     181     165     160     167
     152     131     146     145     112     116     118     131     107     108
      97     105      93      97      93     102      67      89      77      72
      73      57      73      69      52      59      49      49      54      52
      54      49      42      59      51      54      53      79      57      68
      62      78      88      93      86      87      96     104     100      98
     115     107     114     108     112      99     130     133     128     119
     161     142     135     133     151     126     134     132     117     103
     119     127     117      95      96     111      73      86      83      80
      73      70      57      63      57      51      55      41      39      51
      34      47      44      44      39      36      44   20665
