$Informacoes da Fluorescencia de Raios-X:
"Sample    : moo3_34691",                                                                 
"Operator  : americo",                                                                    
"Comment  : moo3_50.4micromatter",                                                        
"Group     : kerr2007ag180cal_lt",                                                        
"Date       : 2013-10-09 01:16:27",                                                       
"",                                                                                       
"Mesurement Condition",                                                                   
"------------------------------------------------------------------------------------",   
"Instrument : 700HS2   Atmosphere : Vac.   Collimator : 10(mm)   Spin : No",              
"------------------------------------------------------------------------------------",   
"Analyte               TG kV   uA      FI Acq.(keV)  Anal.(keV)  Time(sec)     DT(%)",    
"------------------------------------------------------------------------------------",   
"Na                    Rh 50  237-Auto Al  0 - 20    0.8 - 1.2   Live -  179   15",       
"Channel_info_start",                                                                     
"Channel : Na",                                                                           
"Points : 2048
"Range : 0.000000 - 20.480000",                                                           
"Step : 0.010000",                                                                        
"Channel_info_end",                                                                       
$DATA:
       0    2047
       0       0       0       0       0       0       0       0       0    2048
       0       0       0       0       0       0       0       0       0       0
       0       0       0       0       0       0       0       0       0       0
       0       0       0       0       0       0       0       0       2       2
      21      43      34      47      28      43      34      37      34      43
      43      42      38      41      43      45      37      53      47      46
      43      71      52      91      84      98      93      94      74      83
      75      79      69      72      63      60      69      74      67      62
      55      66      66      59      53      61      55      52      45      60
      52      64      59      50      36      59      46      49      49      62
      40      44      51      51      45      43      45      52      48      55
      54      60      50      53      53      42      53      38      48      50
      44      53      38      47      40      45      51      43      32      47
      38      37      40      34      41      40      42      41      37      40
      35      33      39      36      31      47      26      38      39      43
      36      38      22      39      42      43      39      39      42      36
      29      33      43      33      40      28      30      29      34      18
      38      31      30      31      27      28      32      38      27      36
      46      38      36      48      42      40      36      44      42      54
      38      46      55      52      31      67      82      60      80      77
      76      96      98     115     129     161     166     182     186     235
     228     246     279     284     238     257     239     246     176     198
     207     192     181     171     182     194     201     244     243     291
     393     531     706     937    1231    1542    1785    2184    2391    2716
    2620    2916    2776    2783    2421    2349    2096    2022    1774    1782
    1657    1567    1389    1398    1213    1084     902     888     722     704
     608     533     411     360     325     293     241     250     182     185
     127     123      99     121      86      75      85      80      60      56
      57      62      48      50      46      43      40      39      61      47
      67      65      69      66      63      75      62      75      54      57
      55      39      37      39      31      29      32      32      30      29
      16      22      22      19      24      19      20      24      24      16
      26      27      26      19      14      24      19      27      24      29
      25      22      25      19      20      37      26      20      25      21
      21      18      26      22      22      28      19      33      15      19
      16      29      18      22      30      25      25      24      23      23
      24      27      28      47      40      37      65      87      95     134
     167     222     246     319     434     557     595     665     651     806
     719     746     690     593     527     543     366     337     225     208
     154     115      92      73      53      52      37      42      43      52
      52      44      44      59      58      80      77      83      99     106
     110     116     119     108     119      90     106      96      77      78
      61      58      46      49      32      26      30      45      23      22
      39      18      25      30      33      24      38      27      21      32
      43      33      30      42      31      38      35      41      32      43
      36      44      47      41      32      57      46      55      44      42
      53      56      45      38      49      48      38      48      36      65
      46      49      41      45      41      52      43      62      46      42
      52      55      39      34      38      45      39      31      37      36
      39      33      34      36      32      28      43      44      34      40
      43      34      34      40      46      45      40      48      46      39
      30      43      45      40      28      39      32      36      49      44
      51      50      31      39      42      51      35      42      49      47
      49      40      32      31      37      39      34      52      45      45
      42      47      44      48      37      36      38      60      31      52
      38      50      39      72      46      52      48      50      61      58
      44      42      48      48      51      43      48      45      43      47
      45      43      54      61      42      50      52      51      48      70
      45      59      46      59      38      62      61      48      45      51
      55      52      61      68      55      56      51      67      61      55
      54      53      66      78      48      59      61      72      49      58
      54      57      68      51      50      58      50      59      93      65
      68      64      64      66      66      56      58      78      58      71
      69      64      71      76      71      76      59      90      75      65
      59      82      81      89      76      89      87      81      87      79
      68      82      93      89      73      84      63      76      81      78
     100      77      89      71      75      81      89      66      92      84
      83      74      84      77      77      84      60      84      87      69
      82      89      88      83      67      75      75      97      79      67
      73      89      82      85      69      76      80      80      85      81
      86      98      95      88      89      91      84      81      71      78
      76      80      77      87      66      94      57      84      90      74
      79      89      84      87      79      82      76      79      83      79
      78      78      85      67      64      80      79      70      73      71
      73      95      80      86      55      77      85      78      67      90
      85      97      84      77      82      78      84      79      81      89
      71      97      67      80      76      65      91      78      75      78
      85      77      72      83      74     100      73     107     103      82
      78      79      78      95      78      94      71      92      63      85
      78      87      83      77      97     106      95      84     108      96
      95     111     121     105     102     111     101     109     111     103
     108     107     122     126     125     121     119     104     122     131
     107     113      95     102      99      89      88     103      76     101
      98      94      76      90      80     104      72      88      73      75
      67      92      78     102      89      85      86      85      73      88
      87      94      75     109      82      67      95     102      87      85
      95      89     105      94      98     112     110     132     107     118
     122     134     129     116     122     131     126     130     120     110
     136     117     123     108     106      93     108      89     123     119
      82      89      87      88      93     104      95      97      74      91
      82      92     100      85      97     101      85      82      86      70
      88      74      80      85      81      95      75      70      87      91
      79     101      71      87      83      79      85      82      71      83
      83      72      74      82      81      90      81      83      73      95
      85      83      73      82      69      82      85      70      71      75
      77      92      87      61      82      79      77      89      71      93
      84      90      80      83      78      71      74     101      82     102
      92      97      76      86      83      68      83      75      84      91
      78      68      90      83      84      86      66      88      92      76
      74      78      80      88      72      90      90      91      80      65
      76      76      77      86      77      76      92      80      82      61
      79      71      72      66      69      59      72      77      86      87
      62      74      74      83      68      71      74      68      71      72
      78      86      59      78      83      67      77      61      71      87
      76      75      86      86      80      74      77      78      83      57
      67      94      79      74      74      75      76      70      76      81
      80      76      88      80      74      85      92      70      89      68
      88      87      70      87      79      61      74      86      79      74
      65      75      65      90      78      70      66      82      65      64
      73      88      81      63      81      75      70      65      73      80
      73      73      79      69      62      89      54      73      68      59
      64      73      67     100      64      81      73      71      64      68
      71      59      68      78      81      77      77      60      66      75
      71      70      68      70      83      75      64      72      91      65
      77      98      62      85      61      84      75      85      76      74
      77      77      56      84      89      75      68      64      79      55
      82      73      61      76      68      74      60      71      68      52
      75      71      67      80      64      68      64      66      56      78
      67      57      62      88      57      64      76      52      65      89
      70      68      56      74      72      82      79      65      75      71
      77      66      62      63      71      68      63      76      55      65
      68      61      60      77      51      70      72      75      65      74
      65      65      61      58      80      72      71      87      65      85
      58      51      59      61      68      72      61      68      61      72
      83      75      68      78      62      61      77      63      61      70
      71      74      84      72      66      67      54      60      64      68
      83      79      66      58      64      66      64      66      67      63
      66      56      70      65      67      71      67      71      72      77
      50      71      62      80      64      67      66      61      68      75
      63      78      74      79      77      54      72      77      60      76
      65      61      62      64      71      58      82      73      65      62
      74      76      61      74      70      72      68      68      80      70
      50      61      65      60      65      63      71      68      69      79
      62      61      52      70      72      67      54      70      58      69
      69      73      56      59      66      63      48      59      60      68
      64      53      73      73      79      71      66      68      80      68
      64      63      58      70      71      62      57      70      57      64
      70      68      60      69      65      62      74      56      61      64
      76      67      60      53      53      60      73      68      46      74
      64      72      58      74      52      59      53      66      61      64
      73      69      63      65      64      61      41      69      54      57
      62      75      62      61      51      62      52      57      49      58
      62      71      62      69      58      62      59      50      51      58
      53      57      61      64      69      59      61      55      56      52
      59      66      55      55      70      56      63      49      60      60
      53      61      49      61      60      54      72      49      59      46
      55      56      63      69      55      55      59      68      66      64
      64      65      53      57      62      65      42      65      50      54
      62      52      64      73      62      66      57      49      54      46
      59      54      51      59      57      60      57      57      44      55
      55      45      51      55      68      53      61      65      53      52
      70      77      61      39      56      63      51      50      56      56
      53      72      54      53      47      70      53      57      49      50
      47      52      68      59      55      50      52      56      58      43
      63      58      57      55      68      64      65      52      59      63
      47      56      56      58      52      50      59      55      60      58
      57      60      52      62      53      63      78      64      74      57
      51      54      44      70      62      48      58      57      68      54
      49      66      43      67      59      72      57      66      65      64
      64      57      59      65      58      59      54      58      62      64
      69      51      53      65      55      50      56      52      74      59
      58      66      64      62      53      56      65      58      42      42
      68      69      50      60      52      49      51      53      68      58
      64      47      53      45      58      49      52      64      61      58
      64      61      69      72      50      67      75      66      64      79
      62      84      65      61      59      65      70      66      66      59
      62      74      72      66      69      59      70      64      70      59
      73      73      57      77      84      73      65      92      51      65
      52      78      77      80      64      67      68      90      76      99
      80      66      93      70      71      84      84      97      97      79
     104      72      96      91      84     105     114      96     111     103
     111     140     122     118     153     165     161     197     214     288
     300     356     380     512     530     622     848     963    1156    1296
    1634    1935    2081    2436    2709    3268    3600    3990    4666    5222
    5584    6338    6674    7462    7588    8394    9224    9614    9736   10438
   10929   11518   11033   12068   11867   12039   11560   11909   11722   11723
   11060   10815   10701   10203    9268    9078    8574    8060    7141    6597
    6542    5837    4909    4578    4159    3698    2967    2637    2397    2006
    1625    1390    1225    1026     794     669     585     513     342     338
     261     216     178     134     117     103      92     100      79      89
      83      66      83      74      69      72      71      58      49      55
      49      63      65      63      66      69      62      68      66      55
      59      53      47      61      47      53      56      70      66      64
      73      72      50      57      65      50      50      61      62      69
      57      55      71      64      62      76      69      62      66      71
      68      58      60      57      69      72      73      69      53      64
      59      78      60      68      64      76      85      84      81      74
      69      84      80      83      80      82      85      99      76      88
     102      98      96     114     100      95     114     110     111     110
     125     150     134     138     156     173     137     143     168     171
     156     203     180     197     173     190     220     225     210     209
     244     226     234     248     250     271     235     240     329     287
     287     316     291     341     312     319     312     321     314     291
     341     342     313     365     328     325     341     335     362     348
     381     357     408     443     412     482     519     544     548     670
     714     796     773     927    1008    1109    1079    1280    1340    1461
    1545    1659    1741    1845    1848    1938    1953    2013    2057    2144
    2232    2078    2066    2029    2104    1966    1874    1842    1793    1741
    1587    1524    1488    1318    1241    1137    1083     965     870     815
     797     708     652     599     627     564     529     524     481     473
     442     458     474     452     428     448     422     442     399     427
     399     405     358     355     348     365     308     317     300     249
     254     244     234     244     204     200     201     165     124     135
     119     141     130     110     117      95      74      78      88      82
      56      73      60      61      40      48      52      46      52      43
      28      34      52      33      40      41      41   21506
