$Informacoes da Fluorescencia de Raios-X:
"Sample    : rbi_34698",                                                                  
"Operator  : americo",                                                                    
"Comment  : rbi_50.1micromatter",                                                         
"Group     : kerr2007ag180cal_lt",                                                        
"Date       : 2013-10-09 01:58:54",                                                       
"",                                                                                       
"Mesurement Condition",                                                                   
"------------------------------------------------------------------------------------",   
"Instrument : 700HS2   Atmosphere : Vac.   Collimator : 10(mm)   Spin : No",              
"------------------------------------------------------------------------------------",   
"Analyte               TG kV   uA      FI Acq.(keV)  Anal.(keV)  Time(sec)     DT(%)",    
"------------------------------------------------------------------------------------",   
"Na                    Rh 50  268-Auto Al  0 - 20    0.8 - 1.2   Live -  179   14",       
"Channel_info_start",                                                                     
"Channel : Na",                                                                           
"Points : 2048
"Range : 0.000000 - 20.480000",                                                           
"Step : 0.010000",                                                                        
"Channel_info_end",                                                                       
$DATA:
       0    2047
       0       0       0       0       0       0       0       0       0    2048
       0       0       0       0       0       0       0       0       0       0
       0       0       0       0       0       0       0       0       0       0
       0       0       0       0       0       0       0       0       0       0
      16      32      30      25      24      28      31      21      38      34
      26      18      35      25      28      38      21      26      36      38
      30      29      32      45      24      32      33      23      30      26
      39      33      37      32      20      31      20      45      31      27
      32      27      34      19      23      17      20      22      26      27
      30      30      16      18      24      33      10      30      18      28
      19      21      20      21      21      31      24      23      32      23
      32      22      16      17      16      21      19      38      27      25
      14      18      19      24      14      25      22      26      23      20
      34      13      23      25      12      22      28      32      15      25
      18      19      26      15      24      35      19      24      21      24
      21      45      25      35      36      50      51      50      61      54
      49      64      65      71      63      54      35      57      58      60
      63     106     132     178     256     345     401     550     608     718
     754     837     769     845     795     716     612     599     520     423
     349     324     250     209     193     143     120     107      85      84
      59      54      54      71      65      66      60      80      73      88
      88     104      91      96      83      75      77      78      52      35
      46      46      51      61      51      52      67      70      69      73
      86      83      79      59      56      62      56      48      37      38
      33      25      14      33      24      28      31      28      25      31
      40      30      26      42      41      38      54      43      57      55
      43      54      41      40      37      45      36      44      46      34
      32      38      38      26      30      41      34      40      31      36
      39      35      36      27      37      34      38      30      27      39
      38      40      34      32      34      35      27      24      26      24
      32      38      25      29      24      17      28      29      27      27
      24      31      22      35      33      33      28      36      29      24
      35      21      26      36      41      33      40      30      31      32
      32      38      34      41      45      36      24      42      37      40
      45      46      39      60      49      60      51      59      56      65
      90      76     113     136     140     195     168     232     223     236
     240     246     238     235     214     206     196     226     179     253
     261     325     348     484     528     668     690     841     825     940
     894     897     895     822     766     711     592     514     505     498
     447     478     573     736     905    1259    1531    1957    2391    3024
    3340    4151    4267    4885    4812    5132    4791    4729    4023    4017
    3131    2646    2087    1804    1297    1076     778     604     444     405
     351     442     530     709     775    1060    1269    1641    1860    2252
    2535    2857    2975    3292    3234    3283    3077    2990    2702    2715
    2235    2190    1792    1683    1411    1233    1010     896     726     623
     509     533     441     476     478     560     545     589     685     729
     785     795     743     827     780     744     645     623     464     439
     376     308     244     224     173     161     149     130     134     170
     142     164     180     238     215     292     297     327     335     386
     365     422     410     414     379     371     306     300     242     204
     182     174     120     120     124     124     103     146     138     135
     175     209     218     226     243     270     265     266     290     249
     213     212     173     181     146     133     122     128      88      67
      77      85      63      72      53      41      54      58      41      47
      33      40      47      46      46      32      30      44      45      45
      39      35      49      51      29      54      50      50      43      40
      45      39      42      48      44      48      31      37      35      44
      38      43      45      34      42      51      37      42      38      47
      43      57      40      47      46      48      46      45      38      56
      36      57      43      61      58      54      59      60      56      54
      62      52      48      68      48      64      60      62      53      62
      53      69      68      77      64      60      64      74      70      65
      63      74      82      70      87      74      96      88      83      78
     100      94      85      87      78      98      88      99     111     103
      95     106      87     117     106     119     101     114     123     124
     119     122     119     109     117     113     117     128     101     124
     114     118      96     104      90     105      97     112      97     119
     106     111     103     113     116     101     103     112     110     111
     113      94     110     122      91     123      96     100      96      83
      94     109      92     101      91      86     102      69      97      96
     103      83      69      71      77     100      88      95      91      82
      83      90      90      83      96      90     101      84      87      85
      85      82      92      85      94      78      84      75      73      82
      71      77      68      81      81      86      77      77      81      98
      66      81      71      86      67      69      86      82      73      70
      71      87      87      71      65      82      82      87      78      79
      94      96      71      96      88      76      82      77      94      78
      85      78      81      86      89      85      76      89      84      98
      76      85      87      86      76     102      74      90     101      86
      83     101      86     101      84      99      99      85      79      87
     106     103     109      91     129     116     122     124     100     134
     132     118     126     131     126     136     137     124     128     146
     123     124     120     110     110     132      88      98      92     108
     105     104     100      94     112     108     100     104     107     100
     112     101     109      92     102     108     108     119     118      90
     101     110      98     113      92     119     112     108     107     126
      99     132     121     115     114     117     138     144     149     149
     152     152     147     172     172     146     152     157     171     145
     155     134     135     155     126     124     117     124     119     129
     115     121     103     118     119     106      84     127     122     116
     124     112     105     118     113     107      96     116      95     118
      91     106     105     112      86      97      87      87     101      97
     101     100      94     103      92      95      74      97      93      96
      80      93     100      83      98     109      85     104      88     106
      83      92      88     100      90      90      74      98     107      82
      96      76      72      81      92      82     108      85      87      90
      89      81      98      84      96      92      74      84      71      82
     111      89      91      88      94      97      83      92     104      98
     108      90      87      98      88      91      86      90      72      78
      70     115      68      87      96      80      70     103      86      91
      84      71     100     110      99      70      73      94      81      79
      84      95      76     100      86      95      97      99      76      93
      83      81      71      90      86      89      94      99      93      95
      87      87      70     107      91      69      86     105      80      90
      87      61      84      83      69      88      86      83      78      89
      76     105      82      92      89     103      70     104      82      98
      92     101      95     134      88      96      83     114      90      77
      87     101     108      85      94      77      80     106     105      87
     104     112      94      99      98     111     100      97      96      98
      90     100      85      89      87      94      83      94      92      99
      89     104      79     109      76      96      85      95      85      85
      96      96      84     102      91      97      90     107     122      78
     102      83      81      93      78      93      75      90      85      94
      85      93      93      76     107     100      71      94      86      95
      73     101      81      94      85     116      87      94     103     100
      77     101      80      81      87      87      97      86      76      94
      83      97      99      99      91      95      78      92      85      81
      87     104     103      78      82     105      92      95      79      90
      79      81      94      83      84      92      81      81      92      72
      85      75      66      90      90      80      81      74      92      83
      71      84      80      83      66      88      88      73      83      88
      72      95      76      83      79      70      82      85      69      79
      87      79      77      70      72      67      84      80      75      80
      80      85      86      85      71      79      76      84      85      70
      75      83      91      78      75      77      78      76      72      90
     100      72      77      76      72      84      76      74      80      97
      79      86      85      90      83      92      83      92      81      84
      93      91      89      85      98      95      89      87      79      98
      96      93      98      87      86      79     104      96      93      84
      92     106      89      86      84      97      95      89     106      83
      95      87     100     115     101     104      79     108      98     107
      92     121     106     119     133     143     136     176     193     265
     283     317     370     511     544     783     926    1116    1377    1668
    1941    2455    2732    3270    3803    4469    4773    5492    6135    6926
    7255    8050    8490    9295    9343    9745   10607   10584   10226   10348
   10418   10561    9640    9634    9372    8931    7901    7516    6679    6324
    5448    5012    4292    3910    3173    2807    2424    2080    1658    1414
    1124     996     735     623     479     365     353     250     222     167
     156     137     104     112      95      96      80      78      84      81
      88      77      77      61      96      72      53      85      84      87
      77      89      88      83      90      82      82      88      60      76
      78      77      77      75      58      99      79      85      85      77
      49      88      76      83      72      72      62      78      80      90
      75      70      92      86      88      62      88      81      82      72
      81      80      71      80      74      74      69      81      77      72
      77      73      75      89      92      93      87      80      74      82
      69      82      75      90      89      73      71      94      84      95
      75      88     105     106     101     111     111     121     102     143
     143     167     175     195     223     279     260     333     369     422
     523     545     640     734     770     899     957    1094    1173    1285
    1342    1469    1551    1539    1606    1619    1692    1724    1641    1588
    1646    1615    1453    1441    1450    1322    1192    1198    1098    1032
     864     853     775     684     633     583     509     482     434     443
     375     347     330     302     289     275     258     206     208     198
     173     177     154     136     140     119     139     113     103      98
     100      88      94      95      77      63      57      72      54      65
      41      58      68      65      58      41      67      71      47      48
      67      52      54      60      52      63      49      52      53      54
      49      60      71      69      52      53      63      60      59      60
      52      54      55      61      57      54      55      45      41      50
      50      64      54      64      63      60      56      61      53      57
      49      61      48      56      48      69      62      73      58      52
      58      69      57      61      48      59      52      48      40      60
      54      57      45      48      53      67      60      69      41      49
      55      51      63      42      43      46      48      49      48      54
      55      57      44      56      56      55      50      55      62      42
      57      56      48      61      71      48      63      56      52      47
      48      46      25      48      40      54      52      49      54      49
      42      59      42      59      53      52      62      45      52      55
      60      45      53      61      43      46      53      55      45      60
      44      63      60      49      58      62      45      46      69      42
      50      43      52      45      48      57      55      56      51      45
      43      54      54      44      46      57      50      56      44      59
      44      58      57      60      62      59      60      59      62      57
      47      51      63      57      51      56      54      46      40      71
      52      55      49      44      55      49      68      43      59      62
      65      62      58      50      45      54      62      50      62      51
      52      56      53      44      51      51      65      49      37      42
      57      49      60      44      49      63      65      60      53      58
      53      55      44      54      54      57      54      60      49      56
      55      46      70      60      52      42      58      46      48      65
      52      74      49      68      51      65      54      51      61      59
      57      75      67      62      43      57      49      46      59      51
      65      60      50      53      59      54      48      56      61      56
      57      69      61      64      52      65      75      60      61      57
      55      41      63      64      53      62      72      69      51      84
      83      85      68      84      61      65      83      76      92      77
      84      81      85      76      95      81      73      73      94     107
      91      88     101     106     113     103      98     121     107     108
     138     109     111     135     146     129     130     152     211     170
     157     174     189     207     174     205     219     232     229     228
     269     257     244     276     236     270     259     313     308     344
     289     326     331     315     350     316     340     284     350     320
     369     328     290     305     291     298     343     322     296     301
     278     293     288     279     246     264     287     229     248     237
     274     228     224     234     202     200     218     191     199     169
     174     158     158     129     139     144     135     114     122     112
      99     124     116      96      90     107      85     104      93      82
      81      97      96      75      76      77      75      76      78      73
      77      83      69      86      79      78      79      88      85      97
      76      99     115     123     119     143     130     151     154     176
     149     169     168     196     175     188     182     189     213     201
     224     228     199     217     195     194     213     180     172     166
     172     170     134     153     167     129     148     110     119      86
     105      92      77      93      74      75      61      48      49      53
      68      71      57      44      42      36      50   41114
