$Informacoes da Fluorescencia de Raios-X:
"Sample    : tmf3_34709",                                                                 
"Operator  : americo",                                                                    
"Comment  : tmf3_52.9micromatter",                                                        
"Group     : kerr2007ag180cal_lt",                                                        
"Date       : 2013-10-09 02:59:55",                                                       
"",                                                                                       
"Mesurement Condition",                                                                   
"------------------------------------------------------------------------------------",   
"Instrument : 700HS2   Atmosphere : Vac.   Collimator : 10(mm)   Spin : No",              
"------------------------------------------------------------------------------------",   
"Analyte               TG kV   uA      FI Acq.(keV)  Anal.(keV)  Time(sec)     DT(%)",    
"------------------------------------------------------------------------------------",   
"Na                    Rh 50  268-Auto Al  0 - 20    0.8 - 1.2   Live -  180   15",       
"Channel_info_start",                                                                     
"Channel : Na",                                                                           
"Points : 2048
"Range : 0.000000 - 20.480000",                                                           
"Step : 0.010000",                                                                        
"Channel_info_end",                                                                       
$DATA:
       0    2047
       0       0       0       0       0       0       0       0       0    2048
       0       0       0       0       0       0       0       0       0       0
       0       0       0       0       0       0       0       0       0       0
       0       0       0       0       0       0       0       1       1       0
       6      14      21      22      25      13      16      23      17      21
      13      27      21      32      17      21      24      16      15      22
      18      18      21      21      22      10      22      21      12      13
      10      13       8      14      12      25      12      13      21      18
      18      18      18      12      18      13      12      20      14      24
      14      15      23      14      22      12      17      10      14      20
      17      13      11      20      14      16      12      13      22      17
      18      37      28      14      24      37      36      47      49      79
      87     114     131     151     176     134     153     153     119     116
      99      91      71      67      60      57      48      38      40      54
      42      40      45      64      57      90      90     116     144     214
     315     468     630     885     996    1315    1435    1823    1873    2083
    2009    2019    1796    1821    1471    1396    1030     879     622     490
     338     276     178     174     152     137     140     179     148     183
     149     189     149     167     158     159     106     116     108      78
      65      50      47      60      61      68      52      76      69      85
     110     103      90     118      86     137      78     105     112     104
     125     105      85     100      88      86      68      58      43      30
      38      35      22      28      12      20      26      26      17      12
      14      17      11      20      16      15      18      17      21      29
      16      18      26      24      17      23      14      23      25      20
      15      13      18      23      17      13       9      14      25       6
      17      14      10      14      12      16      11      11      14      23
      15      21      11      16      16      23      13      15      12      22
      25      25      28      20      28      17      17      28      23      24
      21      13      16      25      17      23      18      16      17      30
      11      13      23      15      15      14      21      10      17      13
      16      15      14      13      14      16      15      15      13      15
      13      16      14      16      16      25      26       9      14       6
      21      22      11      21       9      14      16      18      17      15
      24      12      24      27      22      23      11      27      17      21
      22      22      21      23      27      17      17      11      14      29
      26      29      34      36      35      45      67      74     103     164
     210     250     271     392     458     564     641     712     842     832
     828     869     757     778     644     573     458     382     280     209
     184     144      94      82      83      70      58      69      49      45
      67      51      69      63      85      58      69     104     103     126
     118     132     135     145     129     112     101     119      79      68
      91      82      51      60      33      42      23      41      28      32
      38      34      29      30      30      29      38      37      32      55
      40      40      41      47      45      50      38      42      38      57
      50      55      48      48      54      51      46      50      55      51
      67      52      50      59      58      61      55      63      64      58
      50      59      61      59      51      65      63      51      60      36
      55      51      52      37      43      38      58      43      35      57
      48      48      36      42      46      55      45      45      38      52
      45      45      42      43      62      53      54      38      54      45
      32      38      57      45      51      54      57      46      43      51
      43      49      50      44      45      65      41      63      40      55
      57      43      49      55      44      54      55      53      57      62
      48      40      57      55      69      73      72      80      81      88
     101     101      98      94     100      86     105      84     110      71
      78      84      74      83      52      55      65      65      62      79
      68      61      61      68      68      76      63      73      65      53
      60      71      67      60      59      64      78      66      65      79
      73      58      78      80      71      71      73      83      77      78
      81      85      95      89      86     105      80      94      87     110
      99      87      91      88      70     101      82      95     107     100
      97     101     111     105     115     120     115     128     141     183
     151     203     198     268     249     293     342     441     464     543
     530     622     709     694     717     754     711     733     683     713
     608     549     493     494     417     368     295     294     236     212
     214     152     154     150     159     162     121     139     136     121
     133     143     138     136     138     125     136     114     117     134
     144     159     170     145     114     145     124     150     132     155
     146     153     155     159     157     176     151     187     164     163
     146     173     198     194     221     257     260     322     335     514
     649     928    1038    1493    1900    2538    2880    3834    4794    5899
    6596    8036    9063   10365   10705   12209   12640   13678   13378   14110
   13052   13120   11533   11408   10170    9149    7713    6897    5932    4901
    3866    3224    2506    2084    1558    1249    1013     796     589     504
     388     386     284     267     264     210     161     176     188     181
     118     144     158     162     140     145     127     150     142     128
     144     145     135     156     134     147     133     145     140     153
     148     154     142     153     139     173     162     183     151     146
     166     178     176     203     229     226     244     314     314     409
     480     569     669     841     963    1296    1493    1922    2216    2703
    3151    3849    4063    4915    5296    6124    6186    7000    7273    7846
    7555    7995    7875    7933    7206    7335    6645    6449    5687    5414
    4845    4501    3661    3439    3182    2767    2468    2258    1867    1743
    1497    1451    1373    1331    1223    1194    1237    1333    1311    1529
    1578    1741    1838    2039    2096    2192    2237    2450    2307    2296
    2131    2188    1992    1864    1632    1540    1378    1346    1089    1015
     872     753     636     559     504     437     376     365     306     302
     263     220     227     200     155     147     160     157     127     127
     117     131     119     114     101     123     111     123     107     133
     124     113     108     119     104     124     110     111     111     108
     106     123     108     126     131     118     149     154     140     152
     142     144     140     148     162     157     180     167     171     169
     182     192     185     202     207     210     243     265     299     384
     413     489     544     691     662     776     862     979     996    1118
    1148    1276    1254    1279    1287    1250    1230    1198    1130    1065
     940     851     781     768     637     557     572     465     374     383
     361     337     287     364     334     376     311     373     400     425
     449     464     489     537     534     563     561     551     513     530
     492     522     488     482     404     404     370     356     325     289
     240     248     191     190     185     178     150     161     150     142
     161     137     146     141     171     149     156     155     171     175
     156     171     176     172     120     144     156     160     142     142
     131     120     125     123     108     123      92      94     107     103
      91      77      85      99      95     101      96      91      85      92
      83     109      81      97      99      87      91      80     107     109
      86      84      78      77     103      86      84      89      86      91
      92      68      87      96     100      92      95      92      89      86
      95      84      86      98      86     117     103      90     104      97
      78     118      85      68      98      90      88     103     109     101
     112      92      86      99      76      88     100      83      98     101
      94      81      88      99      98      77     107      92      90      77
      84      96      80      98      91      90      92      86      83     100
     106      71     106      69      90     105      92      96      95      92
      99      84      87      86      80     118      69      95      85      95
      90     101     103      90      88      80     107      99      78      86
      95      98      74      90      92      74     104      94      84      80
     100      73      89      76      72      82      89      75      98      95
      82     117      80     109      78      84      92      76      92      91
      92      95      77      89      98      86      92      74      90      98
      87     101      68      83      66      83      71      86      82     105
      74     110      76      73      62      97      65      73      95      72
      75      75      78      92      76      95      81      80      84      83
      84      97      77      89      81      89      74      73      82      94
      76      99      80      88      74      83      74      86      95      67
      78      73      87      60      73      89      85      89      77      85
      78      84      74      81      73      84      89      94      89      78
      82      76      77      78      85      74      70      64      89      89
      88      92      76      89      97      82      78      88      81      69
      84      76      72      78      80      65      75      82      85      87
      60      85      74      85      83      75      92      85      83      75
      73      77      70      70      87      81      73      75      90      78
      85      85      82      76      75      76      73      87      78      76
      87      68      75      76      70      80      70      60      79      90
      67      58      82      71      68      84      85      66      76      84
      71      71      72      79      92      85      74      76      78      70
      79      61      70      75      73      83      81      78      69      74
      64      78      67      66      61      77      68      72      71      83
      75      63      80      78      62      89      67      70      73      79
      67      76      71      72      63      72      69      74      67      70
      67      76      68      78      66      65      65      68      57      60
      73      62      79      76      78      71      67      78      73      84
      78      85      63      83      65      75      82      78      74      83
      68      87      73      80      71      80      81      76      68      80
      82      71      86      66      85      76      88      87      81      85
      87      79      72      83      76      83      85      78      67      64
      65      89      87      67      68      62      69      75      68      75
      76      58      59      65      55      76      71      58      73      67
      65      69      66      65      77      71      69      69      64      62
      61      71      70      66      61      73      61      78      57      68
      65      63      60      77      54      69      78      54      61      59
      75      85      66      59      60      69      65      75      79      67
      55      53      71      75      68      73      78      63      61      75
      61      66      61      72      61      64      67      81      68      76
      65      74      58      58      84      72      51      73      78      71
      61      71      85      69      74      92      79      73      72      59
      61      90      68      77      52      70      60      52      48      59
      68      69      62      63      61      74      65      66      76      64
      70      54      60      72      64      49      59      61      47      61
      65      51      72      58      65      61      59      63      62      49
      63      69      61      74      59      46      50      66      49      66
      72      67      82      60      72      67      60      53      61      61
      59      71      53      50      68      65      68      50      73      58
      65      64      52      60      48      52      54      46      62      63
      52      52      65      49      67      49      50      46      58      55
      54      52      55      49      61      55      61      49      59      61
      48      55      50      59      49      59      68      67      54      69
      38      59      59      60      62      61      47      48      50      67
      55      76      50      70      47      57      65      76      41      62
      49      58      53      61      43      55      62      60      53      50
      52      62      51      48      59      50      58      46      57      46
      46      55      55      52      54      64      64      62      54      65
      54      37      46      50      66      54      48      53      62      48
      52      44      48      37      64      69      54      62      51      58
      52      53      66      52      53      61      42      48      53      60
      59      47      55      62      45      80      49      59      46      65
      57      63      66      48      51      50      51      66      57      53
      52      52      58      52      70      65      59      55      54      59
      54      49      54      46      55      53      48      60      52      44
      55      61      52      47      54      58      51      48      49      48
      50      58      68      60      48      59      64      61      53      65
      55      61      51      45      45      44      51      66      64      61
      44      40      58      61      61      54      53      53      44      62
      67      70      69      63      61      63      75      52      59      64
      71      57      67      72      65      72      69      58      60      80
      68      79      53      75      71      69      78      65      69      62
      65      76      72      87      82      80      70      84      71      65
      85      81      97      72     106      82      81     112      97     116
      78     105     101     102     108     120     108     119     112     128
     134     139     141     142     135     141     143     157     179     182
     193     197     198     197     193     222     234     213     249     256
     261     239     265     249     290     268     318     276     304     277
     335     297     358     295     360     320     360     336     343     340
     372     358     339     341     336     342     323     342     331     350
     323     303     296     278     309     276     281     271     241     224
     238     257     232     229     201     195     192     174     200     165
     170     157     165     161     151     166     148     137     128     128
     138     119     118     116     108     115     107     108     101      84
      81      88      82      84      69      96      81      79      91      81
      87      82      86      75     114      88     111     103     115     115
     124     109     131     139     154     158     166     153     167     165
     194     203     215     225     232     245     213     266     228     239
     254     259     257     240     230     225     241     221     210     228
     179     172     198     174     142     171     140     161     145     120
      97     102      88      80      75      74      80      80      68      45
      61      53      53      44      58      58      41   25093
