$Informacoes da Fluorescencia de Raios-X:
"Sample    : au_34713",                                                                   
"Operator  : americo",                                                                    
"Comment  : au_46.4micromatter",                                                          
"Group     : kerr2007ag180cal_lt",                                                        
"Date       : 2013-10-09 03:28:15",                                                       
"",                                                                                       
"Mesurement Condition",                                                                   
"------------------------------------------------------------------------------------",   
"Instrument : 700HS2   Atmosphere : Vac.   Collimator : 10(mm)   Spin : No",              
"------------------------------------------------------------------------------------",   
"Analyte               TG kV   uA      FI Acq.(keV)  Anal.(keV)  Time(sec)     DT(%)",    
"------------------------------------------------------------------------------------",   
"Na                    Rh 50  210-Auto Al  0 - 20    0.8 - 1.2   Live -  180   15",       
"Channel_info_start",                                                                     
"Channel : Na",                                                                           
"Points : 2048
"Range : 0.000000 - 20.480000",                                                           
"Step : 0.010000",                                                                        
"Channel_info_end",                                                                       
$DATA:
       0    2047
       0       0       0       0       0       0       0       0       0    2048
       0       0       0       0       0       0       0       0       0       0
       0       0       0       0       0       0       0       0       0       0
       0       0       0       0       0       0       0       0       0       1
      29      43      45      58      65      67      83      77      76     102
      94     102      99      97      97      87      86      90      67      78
      57      54      55      41      38      42      26      30      24      31
      36      18      33      26      25      31      37      46      26      32
      25      30      22      26      26      24      24      27      21      36
      24      25      25      28      27      26      27      29      26      24
      31      35      27      28      22      20      24      20      26      17
      27      33      28      27      36      24      29      36      29      34
      26      32      22      30      33      25      28      20      34      30
      28      27      32      24      30      34      21      29      18      26
      22      25      24      25      14      33      31      32      26      21
      21      38      19      23      26      36      32      32      33      36
      29      28      33      42      32      49      48      60      50     111
     109     136     175     225     285     290     313     278     296     274
     287     269     210     199     176     158     118     156     153     133
     133     147     136     149     147     161     149     164     152     180
     194     206     195     212     272     294     290     321     325     378
     385     450     499     562     675     868    1046    1485    1605    2151
    2411    2981    3209    3720    3646    3959    3924    3962    3667    3703
    3582    3270    2953    2917    2373    2260    1773    1515    1173     987
     766     577     398     375     310     325     256     308     296     322
     348     390     359     338     353     398     296     283     232     202
     155     122     106      81      66      53      51      40      31      35
      35      32      45      45      59      40      61      65      60      72
      83      68      78      87     106     107     130     108     164     166
     141     149     138     147     132     116     122     100      87      92
      65      79      57      42      30      22      31      18      24      17
      24      24      17      34      21      21      29      28      19      30
      23      21      25      25      20      16      38      35      29      36
      40      28      24      22      30      25      21      23      33      20
      23      33      17      20      25      28      30      37      30      26
      25      34      23      26      16      27      20      20      17      21
      23      23      26      25      38      43      53      82      73      98
     160     201     242     296     372     428     516     594     605     700
     607     659     639     582     493     459     380     288     245     162
     144     103      69      78      35      42      38      38      36      44
      37      36      46      46      47      57      68      79      72      85
     116      92      78     103      85      87      96      59      79      46
      54      47      37      43      24      24      21      16      19      16
      26      20      17      18      18      21      11      22      21      31
      23      29      21      23      23      28      40      40      27      32
      34      41      27      32      33      34      30      30      31      36
      40      43      37      36      33      49      37      30      32      32
      36      46      39      33      38      33      42      37      24      37
      31      25      29      30      23      24      28      26      28      33
      23      28      21      24      28      27      24      32      15      25
      23      28      22      20      34      32      34      30      36      35
      15      37      29      24      31      27      33      36      31      24
      32      41      27      28      30      36      28      50      37      44
      46      39      46      45      47      64      58      65      39      60
      66      71      48      62      50      74      61      63      69      68
      69      71      72      58      58      75      51      61      66      49
      65      49      65      54      50      59      44      38      35      53
      37      46      35      48      40      36      35      38      53      38
      49      34      55      47      38      42      44      48      46      43
      46      44      55      38      44      44      33      40      55      43
      47      44      53      52      57      60      59      68      63      64
      76      65      69      78      68      88      75      90      83     100
      86      90     117     119     102     115     103     107     113     121
     134     125     135     148     148     139     132     161     145     177
     163     151     167     161     155     164     177     178     174     183
     174     195     169     166     171     183     144     177     161     162
     144     173     147     154     129     148     123     115     124     114
     127     131      98     113     121     132     103      93      99     101
      87     108     107     106     103      72      93      94      98      75
      95      78      70      70      72      78      70      78      69      65
      59      86      67      60      62      58      55      73      70      56
      61      58      53      77      69      72      62      73      62      83
      59      63      65      64      59      72      61      77      55      60
      69      68      64      65      60      67      68      66      51      58
      66      56      61      83      62      56      77      68      72      79
      75      74      90      86      63      93      83      81      87      81
      98      86      67      70      78      76      73      91      60      90
      85      71      74      69      69      87      66      75      69      78
      77      97      90      76      69      69      64      85      68      92
      64      73      99      92      84      96     107     101      97     102
     118     122     124     120     115     126     127     151     135     140
     156     136     159     173     158     164     152     186     150     168
     184     145     140     157     129     146     145     147     157     139
     132     128     150     129     108     138     132     141     164     187
     163     188     185     199     178     251     245     286     345     363
     375     398     441     491     561     634     631     721     693     766
     697     716     711     802     683     656     636     626     539     497
     463     431     387     352     301     276     246     229     211     180
     182     186     134     143     140     125     124     130     117     116
     117     105     112     105     106     107     112      94     107      96
      96      94      94     105     100     105      99      90     103     107
      97     102      92      94     117     100     105     108     100     115
     115     104     127     130     127     100     109     120     145     160
     113     123     106     141     110     132     111     138     117     144
     129     127     130     134     143     151     145     150     130     149
     168     172     185     207     213     265     303     384     466     546
     607     794     973    1269    1478    1877    2218    2826    3164    3787
    4501    5290    5780    6824    7438    8447    8790    9765   10105   10882
   10879   11475   11284   11438   10681   11068   10189    9861    8539    8232
    7186    6432    5415    4825    4289    3579    2737    2365    1845    1602
    1255     987     801     603     469     409     309     293     232     205
     176     156     148     144     142     121     135     140     126     124
     118     126     135     122     131     122     144     123     143     154
     139     157     157     200     175     194     195     232     225     252
     265     244     248     251     234     220     220     219     195     187
     181     177     156     165     134     159     132     125     120     102
      93      88     114     111      95      96      77      82      84      88
      88     110      87      93      99      83      83      82      85     102
      79      82     102      85      83      95     110      87     102     104
      87      96      81      88     107      99      99     106     125     105
     117     108     131     123     131     124     128     137     134     168
     177     158     190     208     209     238     269     305     329     382
     376     461     486     526     523     586     607     643     696     770
     730     779     773     916     866    1025    1038    1209    1315    1541
    1514    1852    2158    2326    2593    3141    3295    3763    3971    4403
    4765    5221    5244    5436    6007    6092    5859    6069    6053    6257
    5672    6164    5663    5568    5223    5203    4711    4668    4363    4120
    3880    3769    3242    3158    2959    2765    2485    2394    2040    1850
    1597    1466    1350    1153     926     881     796     678     575     511
     498     399     409     379     311     335     318     336     335     331
     320     314     317     311     314     326     315     304     287     294
     248     230     259     242     196     197     195     157     153     147
     139     161     151     119     122     115     128     148     121     103
      99     104      93      63      71      83     105      87      84      78
      68      86      87      77      81      73      77      75      73      89
      70      86      82      72      88      70      79      70      79      66
      61      79      64      75      83      73      70      94      58      76
      71      64      82      89      73      84      58      89      77      84
      63      75      64      84      62      66      83      78      73      66
      75      84      85      74      93     107      88     100      99     100
      98      98      98      98      86     119     105     124      96     143
     106     128     115     107      96     101      87      88     101     113
     112      95      99     120     116     144     134     163     160     179
     215     284     291     300     359     483     466     561     521     608
     634     789     785     927     865     967    1001    1039    1024    1074
    1016    1058     972    1057     977     942     805     793     708     693
     576     547     556     470     419     377     326     294     295     307
     272     277     251     303     280     274     282     298     286     340
     349     290     328     388     339     369     370     359     355     342
     378     373     336     326     308     277     255     242     233     197
     191     205     164     166     123     144     126     141     109     111
      90      69      94      87      73      92      69      75      73      74
      86      72      69      83      68      70      85      77      78      84
      86      82      93      95      74     111      87     110     105      97
     125      86     123     105      78      85      72      90      77      91
      93      91      61      91      69      76      73      60      65      65
      69      57      52      51      59      70      68      49      58      55
      59      53      65      61      66      42      57      61      51      58
      55      51      46      59      49      60      60      48      49      61
      60      52      47      43      45      63      66      60      61      70
      48      50      54      52      51      64      63      43      44      50
      52      46      51      49      57      51      37      50      63      53
      59      56      62      52      37      44      56      48      55      53
      49      54      49      60      64      50      41      43      44      53
      58      48      63      53      51      40      58      49      48      64
      49      45      46      46      63      47      53      57      49      57
      58      63      52      64      57      54      42      58      50      52
      51      39      37      56      53      50      45      53      48      49
      59      39      48      38      41      62      50      44      48      44
      69      43      41      40      55      43      59      46      52      44
      41      37      49      47      42      54      52      48      43      60
      66      46      46      41      41      44      47      43      62      48
      45      51      39      47      63      45      49      46      42      45
      38      52      63      42      54      53      42      48      55      54
      51      39      54      40      47      50      48      57      43      43
      44      38      43      42      51      60      49      55      57      49
      51      47      55      53      46      45      53      47      48      46
      45      45      56      45      58      46      36      62      57      46
      52      40      30      30      41      51      52      46      40      59
      45      36      55      48      49      43      48      41      41      61
      47      42      58      46      43      41      47      47      41      48
      52      46      47      48      48      44      39      38      56      44
      44      40      50      48      42      47      56      53      51      44
      50      54      49      37      52      61      36      47      65      48
      35      43      41      48      53      48      47      46      41      43
      38      47      58      44      50      50      39      34      46      50
      47      51      44      44      55      39      38      58      41      25
      46      36      41      34      41      46      48      37      52      47
      39      31      34      48      41      38      39      46      42      47
      43      59      40      48      40      49      41      36      48      42
      33      40      37      40      41      45      56      57      44      42
      48      35      53      48      38      49      49      35      37      46
      54      40      58      43      54      57      50      53      48      54
      75      49      53      43      46      51      43      42      56      54
      46      56      56      55      53      48      49      61      50      47
      45      67      57      58      54      46      47      67      66      52
      58      54      48      50      46      63      55      58      60      59
      50      61      68      59      65      61      87      77      81      77
      76      86      72      66      71      96      89      90      98     102
      97     108     108     114     112     122     107     139     143     129
     138     155     148     171     156     159     169     177     169     191
     178     213     176     217     255     223     221     239     236     267
     236     250     288     259     243     264     236     266     228     244
     284     271     242     251     255     257     250     262     259     227
     250     257     246     243     200     208     232     246     180     187
     201     197     185     175     175     166     179     178     155     155
     150     153     143     149     118     111     113     112     107     103
     116     100      89      79      81      68      89      88      92      72
      72      71      65      72      78      75      64      52      75      67
      75      74      86      86      78      88      88      86      92      84
     119     103     110     131     120     136     142     166     166     157
     160     186     194     210     211     226     250     215     235     242
     222     253     234     249     213     196     213     245     213     230
     187     186     168     141     166     140     138     142     120     126
     103     107      95      89      82      69      65      61      52      38
      54      54      45      46      55      40      45   21286
