Acquisition date and time: 00-00-   0 (00:00:00)
Live Time:,        0
Real Time:,        0
 
Photopeaks:,    22
  11,      1.041,        314,         66,       2.06
  12,      1.254,        238,         68,       1.72
  13,      1.487,       6476,        112,       2.58
  14,      1.740,      29302,        192,       6.81
  16,      2.307,      22426,        171,       1.73
  17,      2.622,      17552,        178,       3.16
  19,      3.313,      78718,        293,       4.95
  20,      3.691,      57013,        262,       3.42
  22,      4.509,      14927,        168,       1.47
  23,      4.950,        706,        153,       1.31
  24,      5.412,       2172,        158,       1.44
  25,      5.895,       4494,        196,       1.23
  26,      6.399,     275620,        627,       9.79
  28,      7.472,       2019,        357,       1.93
  29,      8.041,       8448,        376,       3.44
  30,      8.631,       8401,        369,       1.25
  35,     11.908,       3574,        361,       1.59
  37,     13.375,       1161,        347,       1.27
  38,     14.142,       1702,        344,       1.45
  40,     15.746,        952,        325,       1.15
  45,      2.696,        228,        102,       2.34
  82,     10.542,       1722,        351,       1.35
Incoherent scattering peaks:,     2
  26,      6.320,       5393,        500,       8.64
  26,      6.963,       7882,        369,       3.52
