$Informacoes da Fluorescencia de Raios-X:
"Sample    : caf2_34669_16p",                                                             
"Operator  : ",                                                                           
"Comment  : micromater caf2 52.3ug/cm2",                                                  
"Group     : kerr2007ab13liv300al",                                                       
"Date       : 2018-04-02 14:37:30",                                                       
"",                                                                                       
"Mesurement Condition",                                                                   
"------------------------------------------------------------------------------------",   
"Instrument : 700HS2   Atmosphere : Vac.   Collimator : 10(mm)   Spin : No",              
"------------------------------------------------------------------------------------",   
"Analyte               TG kV   uA      FI Acq.(keV)  Anal.(keV)  Time(sec)     DT(%)",    
"------------------------------------------------------------------------------------",   
"Na                    Rh 50 1000-Auto Al  0 - 20    0.8 - 1.2   Live -  179   20",       
"Channel_info_start",                                                                     
"Channel : Na",                                                                           
"Points : 2048
"Range : 0.000000 - 20.480000",                                                           
"Step : 0.010000",                                                                        
"Channel_info_end",                                                                       
$DATA:
       0    2047
       0       0       0       0       0       0       0       0       0    2048
       0       0       0       0       0       0       0       0       0       0
       0       0       0       0       0       0       0       0       0       0
       0       0       0       0       0       0       1       0       0       2
      19      39      37      37      34      43      38      42      30      30
      29      46      39      35      32      35      36      46      47      50
      28      42      46      51      30      43      33      42      35      44
      42      31      39      39      53      59      39      43      34      59
      34      26      28      39      31      34      25      39      39      39
      36      49      32      22      31      46      43      38      25      50
      22      34      38      31      39      36      25      39      39      43
      36      36      34      48      43      50      22      46      41      36
      34      33      34      41      52      35      34      39      37      39
      37      38      47      31      36      34      38      49      60      43
      50      42      35      37      49      48      47      55      51      53
      41      54      42      47      47      49      58      37      59      52
      59      54      57      63      59      60      54      53      37      44
      53      60      47      67      78      75      87     100     119     143
     144     186     179     178     168     220     142     186     179     214
     162     145     160     155     129     175     148     177     227     251
     274     353     354     476     452     551     488     549     555     548
     473     489     371     365     337     307     226     228     176     133
     111      99     105      78      94      69      74      80      74      73
      97      63      68      82      94     101      86      94     115     100
     100     101      77      75      87      75      80      70      54      51
      43      49      53      47      44      48      45      46      63      58
      58      53      59      47      37      46      43      54      60      47
      57      94      61      79      70      60      78      76      73      66
      76      87      67      69      74      68      74      74      81      69
      58      83      73      80      90      91      93      91      92      85
      97     117      86     105     121     110     103     108     109     129
     118     127     123     149     133     138     141     140     160     176
     139     158     183     166     160     168     192     192     208     179
     214     213     193     197     215     210     219     250     224     252
     248     226     244     282     206     232     229     251     246     240
     266     290     248     282     275     332     283     307     325     355
     366     432     472     567     698     868    1200    1752    2233    3462
    4587    6702    8614   11608   14612   18898   21761   27204   29389   33667
   33781   36058   35770   35750   32360   30633   27136   23968   18786   15981
   12298    9654    7004    5253    3527    2398    1647    1178     917     723
     649     756     887    1094    1291    1575    1927    2440    2681    3312
    3569    4127    4263    4595    4583    4544    4311    4063    3684    3291
    2801    2468    1885    1568    1222     934     705     511     307     294
     187     172     116      82      89      84      55      74      74      79
      80     110      73      95      82      77      86      99      94     112
     105     117      96     129     118     110      95     121     125     136
     119     135     119     139     139     134     144     138     126     117
     118     122     115     130     113     143     110     126     117     114
     108     126     118     130     109     122     100     119     112     113
     101     102      96      94     107     107      86     107      96      93
      92     110     112      97      79     109      98      99      99      78
     117      90      90      92      95      90      93      83      96     107
     106      99      89      98      75      86      89      87      75      81
      89     105      96     106      87     109     114     109     103      96
      98      81      83     113      85      94     110     101      94     109
      97     109     105     112     109     126     107     115     107     100
      96     123     109     116      81     118     102     100     108     116
     110     132     117     107     127     114     109     116     121     126
     111     103     117     136     126     117     102     128     103     116
     138     140     132     122     149     121     140     152     149     161
     142     144     141     146     149     161     151     160     158     142
     159     190     150     189     166     197     177     171     183     195
     192     190     188     183     195     176     184     214     197     200
     193     191     203     205     196     222     205     220     205     203
     225     195     218     221     188     208     232     237     224     238
     248     267     272     251     285     294     247     252     232     231
     227     223     232     214     236     240     186     257     187     238
     218     161     193     206     232     216     229     235     208     223
     204     232     258     232     221     228     224     243     205     240
     237     250     248     246     224     255     263     271     261     268
     247     246     274     244     228     255     263     278     240     237
     242     263     261     253     267     278     243     287     278     264
     257     266     242     246     272     277     263     278     245     302
     257     245     275     272     241     247     269     259     254     220
     225     241     241     228     231     255     251     260     244     257
     237     251     273     262     280     293     247     269     251     244
     226     251     258     248     225     266     269     230     212     241
     205     220     225     253     220     237     236     268     241     262
     227     260     208     262     257     254     231     229     237     261
     260     270     277     299     256     286     248     284     306     273
     284     291     293     276     269     305     308     333     340     379
     341     383     412     417     463     451     493     520     535     608
     591     652     706     679     702     800     809     813     819     760
     815     792     709     716     706     663     600     562     523     511
     416     393     383     372     341     282     307     283     234     241
     246     268     240     242     264     267     239     242     263     278
     240     231     253     256     279     274     275     278     293     302
     294     363     342     369     368     388     326     387     365     384
     378     390     367     392     356     340     358     340     284     273
     292     258     253     261     237     240     239     225     262     256
     225     231     258     285     258     245     237     258     243     220
     212     243     271     242     246     264     227     216     197     228
     258     221     241     224     256     245     240     222     236     262
     283     280     254     280     262     319     328     346     355     388
     358     364     414     429     393     504     435     511     475     508
     547     529     479     508     480     510     473     457     396     421
     449     367     387     343     368     348     320     352     304     323
     341     316     317     290     340     334     289     359     327     321
     294     288     326     312     331     342     290     289     260     310
     236     279     250     250     242     278     254     242     246     254
     204     242     267     253     212     222     247     227     260     210
     240     222     213     218     210     194     228     235     235     224
     210     221     213     253     214     245     228     241     228     228
     215     216     184     234     236     230     187     237     229     224
     190     212     240     222     242     213     219     238     240     241
     220     236     235     225     196     225     205     248     212     218
     218     225     231     220     222     219     234     240     235     239
     214     254     238     209     240     238     216     228     227     250
     216     268     242     274     208     243     226     232     215     219
     253     224     252     247     253     252     240     239     236     250
     244     266     251     258     280     260     260     288     251     271
     276     241     250     241     255     259     252     243     238     252
     218     227     218     229     209     203     216     210     225     241
     222     248     205     221     207     236     247     231     206     220
     216     240     214     243     214     198     240     224     196     234
     239     212     206     222     205     223     197     226     223     205
     202     223     200     213     192     213     190     188     197     220
     204     225     221     226     239     196     186     223     184     195
     180     200     207     212     227     194     207     220     221     206
     202     196     184     198     224     199     226     211     209     208
     212     210     190     222     211     199     210     202     194     206
     208     221     204     210     197     207     188     186     208     221
     205     210     212     228     212     178     204     198     167     226
     184     189     196     237     209     194     180     216     227     204
     203     203     221     195     157     191     190     218     195     191
     192     195     203     213     197     228     191     200     215     228
     214     202     178     227     164     200     193     223     193     188
     181     203     205     183     199     193     196     207     199     198
     191     180     190     196     172     206     195     194     188     213
     206     182     181     183     170     206     184     208     174     202
     178     190     190     180     178     204     173     175     183     173
     170     173     183     213     193     204     159     223     216     198
     206     191     193     177     196     195     203     194     216     191
     180     186     196     179     199     210     163     165     187     205
     159     188     203     167     197     179     206     176     161     173
     187     171     198     192     202     223     171     202     194     186
     164     198     186     181     155     181     165     190     202     162
     186     211     183     175     172     152     175     183     180     202
     177     176     177     174     175     178     179     193     165     175
     165     199     180     168     152     188     159     178     176     197
     143     184     170     179     171     184     179     192     189     163
     170     161     142     186     170     170     165     198     198     182
     192     166     178     192     163     171     167     152     178     156
     188     204     177     160     179     178     164     198     170     195
     158     163     161     190     164     175     172     179     165     168
     179     178     163     160     178     175     193     184     166     189
     161     173     156     182     126     162     143     172     186     160
     163     158     131     159     177     212     166     151     175     157
     145     163     181     158     140     162     150     174     155     148
     184     165     144     164     156     160     132     162     180     162
     179     182     160     167     159     156     146     167     164     157
     167     151     151     154     167     149     132     149     149     156
     154     146     152     140     163     139     151     168     138     176
     158     151     149     144     162     156     141     178     164     133
     148     149     158     170     129     151     177     157     152     150
     143     138     138     163     150     165     162     131     152     158
     125     150     166     141     160     155     189     149     141     151
     161     165     139     142     178     156     132     157     132     170
     128     163     113     138     156     146     138     143     157     142
     156     166     146     130     131     155     154     146     142     132
     146     157     183     162     145     131     145     144     131     147
     157     163     116     134     154     156     143     162     138     151
     132     163     158     156     161     136     163     139     152     171
     143     158     149     143     135     141     145     159     159     158
     135     126     142     155     138     150     138     170     106     136
     172     154     119     149     117     136     128     136     149     166
     159     140     141     149     131     129     144     145     126     136
     155     159     118     152     144     134     134     145     155     145
     112      99     155     126     157     134     130     167     130     136
     156     140     131     144     143     134     125     131     142     141
     128     138     108     157     140     139     158     132     123     133
     128     134     123     146     132     165     142     118     131     134
     134     155     118     142     129     134     141     136     132     142
     146     151     119     135     125     140     130     149     124     121
     143     135     143     134     123     156     125     145     141     144
     128     129     151     132     167     123     138     142     131     159
     130     138     114     148     116     135     133     145     117     128
     156     128     144     130     116     151     127     141     151     138
     118     141     128     121     132     125     124     136     145     122
     155     142     147     127     142     154     133     159     152     138
     147     125     145     133     133     139     134     136     135     127
     159     149     140     117     139     159     128     145     144     149
     121     145     170     156     112     136     143     166     158     164
     160     145     127     148     154     156     136     151     149     170
     144     138     155     159     139     163     143     156     182     156
     142     158     160     178     159     179     146     143     181     157
     188     165     180     172     167     183     195     176     166     187
     181     178     190     170     212     199     176     199     206     215
     205     207     205     222     227     220     246     257     241     256
     280     256     241     271     287     283     309     300     309     327
     362     399     397     382     395     419     447     454     453     488
     507     503     517     533     615     604     637     619     735     658
     675     686     741     727     738     767     837     802     828     846
     928     909     913     897     981     898     921     970    1038     986
     981     890     985     927     966     934     934     946     881     912
     886     906     883     853     888     901     783     782     801     804
     728     742     718     705     672     660     628     643     561     535
     546     542     461     515     505     470     402     396     407     388
     383     337     353     339     286     279     314     295     288     250
     222     250     212     205     236     209     206     210     200     211
     173     199     212     230     209     194     215     203     196     224
     244     220     261     252     240     296     275     303     322     318
     334     356     333     349     356     367     385     404     365     441
     403     427     403     412     414     420     396     389     356     382
     318     328     322     317     294     279     268     251     230     226
     226     227     209     173     178     180     142   68322
