$Informacoes da Fluorescencia de Raios-X:
"Sample    : sio_34665_16p",                                                              
"Operator  : ",                                                                           
"Comment  : micromater sio 52.6ug/cm2",                                                   
"Group     : kerr2007ab13liv300al",                                                       
"Date       : 2018-04-02 14:20:25",                                                       
"",                                                                                       
"Mesurement Condition",                                                                   
"------------------------------------------------------------------------------------",   
"Instrument : 700HS2   Atmosphere : Vac.   Collimator : 10(mm)   Spin : No",              
"------------------------------------------------------------------------------------",   
"Analyte               TG kV   uA      FI Acq.(keV)  Anal.(keV)  Time(sec)     DT(%)",    
"------------------------------------------------------------------------------------",   
"Na                    Rh 50 1000-Auto Al  0 - 20    0.8 - 1.2   Live -  179   11",       
"Channel_info_start",                                                                     
"Channel : Na",                                                                           
"Points : 2048
"Range : 0.000000 - 20.480000",                                                           
"Step : 0.010000",                                                                        
"Channel_info_end",                                                                       
$DATA:
       0    2047
       0       0       0       0       0       0       0       0       0    2048
       0       0       0       0       0       0       0       0       0       0
       0       0       0       0       0       0       0       0       0       0
       0       0       0       0       0       0       0       1       0       5
      18      45      37      30      40      40      32      29      29      37
      29      37      35      40      34      37      49      37      24      33
      38      33      38      38      30      39      27      37      36      30
      24      41      38      38      30      26      32      31      36      35
      30      32      30      29      17      30      38      31      28      37
      30      33      33      31      40      30      32      26      44      26
      33      33      19      32      32      32      30      25      35      27
      38      42      25      40      32      32      29      28      29      30
      34      40      28      39      29      36      34      38      31      32
      33      37      28      28      28      36      30      38      33      48
      31      35      39      41      34      41      37      38      28      67
      48      37      61      57      40      62      55      51      72      54
      54      76      76      69      65      78      70      89      89      94
     115     118     164     216     332     596     830    1303    1704    2367
    2906    3671    4143    4832    4853    5274    4824    4962    4172    3778
    3063    2557    1871    1446     991     756     500     413     301     237
     226     146     128     123     112     148     122     146     165     190
     199     219     204     218     212     208     174     147     114     100
      71      67      64      47      48      42      44      40      24      37
      30      29      26      24      28      33      25      29      24      34
      34      25      28      30      37      23      23      28      27      30
      19      25      29      23      24      28      13      29      25      21
      17      22      18      27      16      10      34      29      34      29
      26      32      39      37      35      31      29      40      33      51
      30      37      36      42      28      51      44      39      26      40
      33      35      28      26      34      44      41      40      33      42
      37      40      28      36      37      32      36      32      39      40
      35      27      23      37      30      28      31      25      29      37
      23      33      34      29      34      31      43      33      48      51
      28      33      29      33      39      38      41      42      35      49
      26      33      42      36      32      35      30      38      40      46
      33      46      45      48      51      48      46      39      42      40
      56      39      70      64      76      85     132     173     224     265
     389     540     599     824    1095    1317    1513    1864    1989    2265
    2349    2584    2506    2537    2330    2207    1904    1739    1355    1183
     887     752     532     461     303     226     164     173     162     149
     125     132     139     143     135     182     213     218     256     272
     288     344     326     353     359     372     313     313     314     296
     247     223     199     171     119     121     117      91      82      82
      73      70      56      59      66      57      57      61      56      72
      62      75      81      88      67      91      80      93      96      95
      96      95     105     103     104     109     121     120     117     135
     116     124     120     135     130     147     141     121     133     129
     130     143     132     137     128     139     131     141     110     140
     115     123     122     154     130     126     114     127     117     113
     107     102     102     125      98      88     104     110     101      93
      83     101      93      99      84      95      87     103      87     105
      88     100      87     106      89      94      90     106      94      99
      92      96     103     108      94     104      83     115      88     102
     100     115      88     100     102      96     114      98     101      95
     120      94     100     112      98      98     113     112      94     135
     100     117     112     123     106     103     132     114     107     114
     119     132     123     123     115     108     132     118     127     138
     123     146     130     115     118     134     121     103     101     128
     148     114     125     124     141     145     144     140     146     133
     148     168     126     157     132     153     150     159     132     147
     147     167     152     147     151     165     144     154     156     166
     156     159     164     164     169     172     174     172     155     175
     177     193     199     177     188     211     174     192     147     189
     173     193     161     194     204     207     202     187     198     219
     189     173     191     183     190     204     206     217     213     236
     224     272     208     240     242     204     199     251     225     224
     215     225     220     229     221     221     211     212     185     196
     197     238     240     224     209     229     205     204     224     226
     209     230     204     249     206     204     245     245     220     217
     225     250     216     223     206     258     202     229     237     244
     206     248     211     256     208     237     214     220     222     237
     225     255     195     227     208     218     204     233     227     232
     241     252     210     228     205     208     203     247     206     230
     218     229     211     225     219     222     197     209     210     223
     211     224     211     204     213     216     220     221     229     191
     218     229     210     202     231     255     214     237     246     231
     196     227     228     236     210     203     220     262     208     210
     225     211     215     218     191     220     235     239     216     237
     224     214     189     227     236     246     243     273     217     246
     256     225     241     240     250     262     277     263     276     287
     264     302     260     290     263     313     289     296     297     335
     300     335     340     336     323     381     360     360     349     351
     366     361     354     362     317     363     312     325     297     288
     281     271     253     266     236     235     219     216     247     222
     204     223     244     241     222     230     231     205     202     232
     215     200     229     234     245     233     185     251     262     239
     243     211     239     265     237     273     267     277     276     286
     307     336     338     349     337     363     326     334     321     425
     341     392     360     393     338     330     305     304     271     300
     302     265     249     242     274     237     232     250     241     238
     233     255     252     238     243     240     228     249     219     239
     249     215     229     267     189     241     212     204     222     219
     224     252     206     243     194     239     209     223     198     226
     211     216     217     258     194     228     226     232     206     213
     207     212     221     242     217     244     212     223     211     273
     225     227     181     259     214     221     238     245     232     243
     211     216     255     236     196     203     251     232     209     240
     226     246     220     233     225     223     220     226     241     271
     224     218     212     236     225     239     208     244     210     234
     201     218     215     218     220     209     193     212     224     229
     219     252     207     218     207     225     214     218     209     222
     215     208     203     217     207     228     240     218     207     236
     199     228     220     221     213     221     214     231     209     228
     234     191     197     204     190     239     237     243     198     228
     220     230     234     230     199     213     215     219     212     197
     206     214     233     222     211     209     190     237     200     201
     205     204     190     219     201     211     242     227     206     231
     226     238     183     215     216     216     205     221     209     198
     229     246     196     221     188     247     205     207     199     217
     208     201     201     220     199     223     199     222     222     204
     222     225     200     230     188     207     228     224     211     213
     193     202     206     239     194     214     187     194     200     226
     182     216     194     208     206     196     192     218     211     211
     174     199     208     192     180     222     201     184     204     228
     214     224     194     216     218     214     213     207     207     206
     188     202     177     193     184     208     177     206     236     179
     196     208     198     193     199     209     222     215     200     213
     207     194     205     194     193     173     189     211     241     204
     218     186     182     185     192     198     219     183     212     215
     186     216     184     199     171     208     188     205     219     188
     182     210     197     207     191     192     196     216     182     185
     212     232     195     186     190     189     212     200     197     234
     217     185     169     204     191     178     179     190     172     198
     188     208     194     155     185     202     201     206     209     191
     194     189     179     185     173     200     181     216     193     175
     189     202     191     176     166     202     176     195     198     191
     175     216     176     168     159     181     181     205     162     203
     195     195     175     205     188     187     178     187     194     199
     162     183     183     209     183     174     171     190     184     175
     191     171     138     178     184     160     186     177     166     166
     189     187     191     203     159     189     180     191     150     179
     192     176     163     176     218     153     178     191     181     168
     205     183     184     181     148     179     193     176     154     197
     185     179     177     166     159     173     174     190     167     187
     179     146     163     190     172     195     178     191     172     180
     182     173     184     155     163     176     174     166     160     168
     156     174     183     174     150     165     158     171     139     181
     170     187     164     167     187     165     166     199     178     183
     166     184     169     176     156     153     166     174     181     156
     173     182     171     145     191     178     182     172     172     153
     168     195     163     185     174     166     176     173     164     172
     158     169     149     178     166     149     180     144     172     165
     155     190     151     188     163     174     147     193     151     164
     152     172     169     152     149     158     162     167     174     160
     146     170     163     146     155     161     172     174     165     167
     177     184     148     181     155     167     151     182     149     142
     138     152     144     180     140     168     154     170     134     146
     173     154     168     141     158     162     147     145     155     153
     168     167     171     175     173     181     194     159     144     155
     153     143     142     169     158     168     134     169     124     165
     161     165     141     153     150     138     140     154     133     156
     153     152     159     142     151     152     141     141     141     163
     151     155     166     170     137     159     156     141     155     153
     146     174     133     136     145     170     146     151     154     151
     156     156     154     163     129     147     173     148     142     167
     136     150     163     133     144     147     157     150     155     125
     138     140     163     144     174     153     168     148     159     155
     150     129     149     155     165     171     155     160     151     158
     153     134     151     141     139     128     147     144     153     169
     157     151     162     143     159     133     137     151     152     119
     144     127     158     149     141     145     130     143     127     131
     154     129     144     137     146     118     132     130     146     132
     129     160     128     129     127     125     142     134     134     134
     144     138     144     148     147     131     124     120     126     132
     134     129     149     132     139     146     142     125     107     121
     175     129     123     143     149     132     132     126     142     136
     130     128     109     143     138     127     122     159     151     135
     124     154     145     129     151     134     141     142     136     159
     138     152     134     135     132     134     114     143     135     124
     144     141     125     122     131     134     142     123     119     157
     103     138     148     134     109     135     134     143     142     123
     135     138     133     126     139     118     120     137     132     115
     119     131     125     138     142     126     163     137     123     143
     142     137     120     129     121     140     133     136     130     125
     121     124     128     129     105     118     115     147     119     133
     116     128     119     130     118     121     131     114     128     127
     120     131     126     121     137     116     121     139     141     112
     130     138     125     110     128     137     101     125     131     136
     143     135     132     132     131     110     159     150     112     125
     134     143     131     148     136     136     129     146     116     122
     154     112     157     125     122     142     109     141     138     128
     130     123     128     127     121     156     139     144     144     160
     133     133     167     152     123     136     150     135     153     153
     124     143     146     119     135     156     154     131     126     157
     143     148     145     136     128     132     155     167     146     147
     152     156     150     141     168     144     173     144     133     164
     166     157     154     176     184     175     180     184     169     198
     168     176     181     204     147     190     182     191     191     186
     209     184     216     226     220     245     231     228     232     234
     264     259     262     298     281     277     321     273     334     321
     295     354     326     414     376     384     441     423     425     434
     488     545     501     557     546     547     592     560     631     610
     638     663     729     747     728     748     796     854     852     773
     943     929     890     953     890     931     905     882     976     981
     931     981     957     948     889     996     976    1009     940     905
     943     910     907     851     893     837     778     776     834     760
     736     716     734     676     653     643     617     631     607     530
     548     527     476     477     472     429     391     398     371     424
     352     378     301     321     305     303     312     258     287     243
     264     243     237     227     267     215     194     185     196     197
     212     198     193     199     181     194     209     203     206     217
     201     234     232     223     257     240     274     300     293     325
     291     317     359     363     327     327     358     346     341     357
     359     395     391     376     371     376     337     354     340     328
     337     290     293     294     251     288     259     230     220     193
     179     210     175     165     157     157     135   65217
