$Informacoes da Fluorescencia de Raios-X:
"Sample    : kcl_34666_16p",                                                              
"Operator  : ",                                                                           
"Comment  : micromater kcl 44.9ug/cm2",                                                   
"Group     : kerr2007ab13liv300al",                                                       
"Date       : 2018-04-02 14:24:34",                                                       
"",                                                                                       
"Mesurement Condition",                                                                   
"------------------------------------------------------------------------------------",   
"Instrument : 700HS2   Atmosphere : Vac.   Collimator : 10(mm)   Spin : No",              
"------------------------------------------------------------------------------------",   
"Analyte               TG kV   uA      FI Acq.(keV)  Anal.(keV)  Time(sec)     DT(%)",    
"------------------------------------------------------------------------------------",   
"Na                    Rh 50 1000-Auto Al  0 - 20    0.8 - 1.2   Live -  179   12",       
"Channel_info_start",                                                                     
"Channel : Na",                                                                           
"Points : 2048
"Range : 0.000000 - 20.480000",                                                           
"Step : 0.010000",                                                                        
"Channel_info_end",                                                                       
$DATA:
       0    2047
       0       0       0       0       0       0       0       0       0    2048
       0       0       0       0       0       0       0       0       0       0
       0       0       0       0       0       0       0       0       0       0
       0       0       0       0       0       0       0       0       2       2
      24      37      28      34      31      32      38      41      23      29
      37      27      26      27      34      27      31      32      35      39
      31      31      31      33      30      42      32      31      37      25
      29      26      27      33      23      36      29      32      38      35
      33      36      19      39      26      34      36      34      32      48
      35      50      46      49      64      84      79      67      84      77
      77      59      70      56      50      43      47      37      33      38
      30      35      32      41      31      28      33      29      26      37
      34      34      36      33      27      35      37      33      32      27
      36      29      28      38      17      33      31      28      22      34
      25      34      33      42      39      35      35      29      19      44
      34      42      34      42      26      47      49      45      48      61
      66      55      75      57      67     106      85     109     101     117
      93      95      68      70      69      46      46      49      45      41
      35      36      40      39      43      41      41      38      54      48
      46      57      53      61      50      60      51      61      65      56
      62      70      86     112     109     151     154     201     184     233
     225     268     245     278     247     251     206     173     161     134
     114     104     101      81      63      70      63      64      56      67
      60      57      63      62      69      75      63      77      65      70
      75      95      64      67      67      83      75      83      70      72
      83      97      86      73      90      91      83     119     127     127
     161     170     235     358     498     710     885    1206    1418    1902
    2089    2414    2452    2818    2786    2852    2472    2459    2163    1934
    1624    1305     906     773     564     437     384     295     282     316
     274     317     314     358     314     332     331     313     227     224
     208     166     136     119     116     110      99      90      58      68
      73      90      68      78      89      77      87      70      74      89
      93      78     101     108      99     114     108     133     183     253
     326     470     595     891    1145    1556    1870    2560    3049    3727
    4042    4695    4959    5466    5114    5449    4615    4663    3734    3508
    2822    2304    1798    1430    1025     757     478     364     271     240
     209     234     273     311     363     422     519     678     730     850
     965    1135    1286    1457    1591    1859    1927    2223    2284    2617
    2537    2743    2585    2657    2304    2119    2002    1771    1340    1201
     952     765     572     476     295     235     182     167     140     144
     111     135     143     145     128     175     172     239     243     287
     293     333     316     349     341     374     349     331     312     303
     231     189     173     161     112     119     109     104      91      61
      59      69      70      54      56      63      47      59      59      77
      67      84      78      72      83      84      84      91      92      98
     102     103      88     111     107      99     106     111     113     126
     124     123     136     119     136     118     138     133     129     143
     137     127     130     139     119     133     111     138     111     151
     116     124     123     103     121     113     114     116     101     107
     125     114      85     117     106     108      92      97      88      96
      95     100      87     108      84      95      85      85     109      89
      86      87      77      83      82     111      99      85      97      69
      83      87      91      94      77     110      94      72      88      82
      87      81      79     100      95      86      99     102      96     104
      88     103      94      96     100     100      75      90     106      96
     108      97      90     118     104     108     102     113      95      95
     102      89      83      98     102     100     100     107      93     114
     108     100     113     116     117     127     111     104     118     111
     101     108     103     143     118     126     112     113     127     116
     123     117     125     122     108     129     135     121     133     134
     143     133     133     140     126     163     151     122     121     151
     109     149     130     140     137     158     132     153     163     133
     128     146     173     165     154     162     159     149     140     156
     151     165     162     161     156     177     150     162     190     182
     159     153     158     193     151     181     161     181     175     193
     177     210     175     203     196     186     208     210     193     195
     181     195     197     237     162     207     185     209     188     199
     216     193     182     188     192     222     176     193     214     220
     177     184     172     183     207     198     183     174     178     201
     171     190     187     212     162     202     197     203     192     183
     202     190     199     196     185     184     203     188     198     227
     210     209     202     232     225     242     214     209     197     234
     205     230     205     225     192     210     224     218     220     244
     193     227     182     219     202     211     217     202     195     178
     204     204     197     184     176     189     194     196     171     209
     207     205     168     205     185     230     195     202     236     199
     200     214     199     205     217     197     209     200     207     221
     198     221     193     208     193     214     175     200     199     229
     182     214     223     212     199     212     202     202     214     190
     219     207     229     243     229     243     230     225     251     253
     232     229     257     275     278     297     258     290     274     298
     299     278     322     280     307     352     287     324     304     338
     321     325     311     304     300     281     264     271     256     230
     214     216     210     203     225     237     223     197     231     211
     181     206     220     185     200     207     178     200     220     205
     219     223     215     216     213     195     232     225     214     199
     183     229     209     218     252     233     284     253     236     304
     270     273     304     291     314     357     305     351     333     317
     327     334     357     335     327     332     262     293     270     270
     270     247     224     248     242     232     215     229     233     230
     199     245     232     206     230     245     235     212     224     202
     230     223     197     218     193     193     164     233     202     180
     195     200     175     211     206     192     201     221     174     216
     215     200     181     198     173     179     189     214     183     214
     177     190     220     204     213     210     208     191     192     214
     205     189     190     190     210     187     203     211     219     190
     181     199     213     199     225     217     199     238     190     224
     232     215     188     218     219     223     213     199     217     236
     203     198     195     206     227     207     202     200     211     191
     170     191     182     203     181     190     202     205     179     210
     205     191     212     195     198     212     190     192     167     209
     205     215     201     197     200     225     201     196     207     225
     197     165     187     212     205     205     197     206     176     202
     184     212     213     207     199     215     190     206     173     183
     179     175     196     185     176     202     193     181     198     223
     187     184     199     176     210     230     218     223     182     225
     209     199     197     210     185     215     177     198     190     195
     175     181     192     190     188     222     172     211     180     208
     166     183     182     218     204     196     199     181     171     200
     204     194     194     236     182     192     181     219     190     200
     204     177     181     197     165     196     177     202     194     215
     193     215     197     191     198     181     202     207     188     189
     200     169     190     174     149     196     192     202     185     190
     187     182     185     194     194     190     192     193     185     167
     173     211     185     202     143     218     170     192     181     199
     191     196     185     190     196     174     184     172     174     182
     195     187     179     191     185     187     169     204     176     177
     185     171     180     197     198     179     177     185     182     198
     174     197     158     202     158     194     169     190     170     151
     189     182     193     188     186     186     190     194     184     183
     177     199     196     181     192     171     195     209     192     186
     173     180     185     165     187     197     166     200     192     173
     163     169     188     200     166     179     176     167     176     194
     186     169     185     199     203     170     178     204     173     189
     174     192     169     181     182     171     181     193     190     184
     187     146     183     180     179     157     183     177     172     162
     155     171     161     169     160     184     173     158     176     201
     168     196     168     188     188     189     152     166     198     170
     190     159     172     162     173     189     177     185     160     191
     192     182     162     199     158     181     176     189     177     158
     162     164     174     182     153     196     163     165     161     179
     191     168     164     182     180     185     147     189     137     174
     182     191     139     152     148     149     163     158     173     169
     184     162     169     166     162     152     168     181     165     186
     174     160     180     173     152     181     151     174     174     174
     162     152     164     171     185     139     151     181     164     160
     158     164     174     194     142     161     167     166     153     158
     163     160     179     149     147     176     143     149     169     172
     160     135     169     167     151     149     173     163     149     176
     163     182     172     155     135     160     172     181     148     169
     176     167     153     160     159     164     167     159     155     157
     170     166     155     168     153     155     141     159     159     165
     174     155     151     160     152     132     175     171     153     174
     156     152     166     159     155     188     137     143     136     160
     157     148     164     172     146     150     157     144     141     158
     165     165     149     167     152     143     118     139     163     148
     129     144     141     176     148     153     162     160     194     151
     162     139     138     153     145     148     159     155     136     141
     123     164     177     169     154     116     162     155     158     153
     148     154     130     140     147     159     119     155     157     152
     116     136     113     160     129     152     149     161     159     122
     148     145     128     119     157     135     136     146     138     134
     143     151     146     140     136     143     116     139     146     133
     132     163     143     148     152     156     139     131     151     132
     142     172     139     135     126     132     145     137     152     149
     144     123     121     149     139     127     146     144     147     148
     131     150     143     130     152     133     146     147     144     152
     149     153     137     123     148     131     122     137     129     148
     112     133     134     139     112     139     143     143     122     129
     140     108     139     126     122     182     120     137     120     165
     105     133     121     156     135     116     115     130     115     128
     126     128     130     124     122     153     101     132     125     121
     129     142     151     126     132     128     138     118     123     140
     127     135     125     134     147     130     119     125     124     133
     127     132     139     141     125     121     135     122     120     137
     135     143     143     130     130     128      98     148     136     111
     120     121     139     132     125     131     127     115     120     144
     127     124     126     111     144     125     131     126     131     153
     109     122     151     121     114     102     125     145     122     129
     118     132     115     123     129     118     118     112     105     115
     113     109     139     126     128     110     116     125     117     123
     122     132     123     138     131     123     110     111     110     115
     114     129     126     133     149     119     135     119     113     110
     111     136     124     102     133     123     107     120     121     133
     140     102     119     118     113     106      97     123     106     123
     126     134     135     126     136     123     112     113     110     142
     103     108     119     123     141     123     117     111     122     131
     142     137     125     134     132     115     107     116     153     111
     126     131     131     125     116     100     128     138     123     126
     122     113     104     114     114     120     131     136     117     121
     100     115     142     131     135     115     123     119     120     123
     128     120     122     111     126     127     135     125     149     136
     127     130     144     115     127     139     125     123     119     117
     150     110     119     126     122     141     133     124     134     137
     152     130     139     163     122     134     134     142     148     133
     156     132     128     125     135     143     156     168     158     160
     173     153     172     146     149     165     154     171     159     170
     133     168     177     173     171     201     168     169     186     189
     188     186     184     237     212     211     219     217     217     233
     250     243     278     254     288     272     278     280     293     330
     350     297     313     349     399     391     385     405     397     435
     464     475     470     506     527     519     542     601     590     631
     582     622     676     717     690     725     745     780     751     761
     841     805     864     887     861     881     848     905     950     933
     854     961     903     915     903     941     898     914     871     845
     789     860     800     837     783     797     780     745     708     706
     723     680     666     694     592     587     583     597     549     477
     527     460     482     444     480     433     400     356     364     374
     313     318     344     314     279     274     285     247     230     221
     221     246     227     195     201     208     183     181     211     173
     227     204     210     187     174     198     189     207     170     216
     203     206     218     231     237     224     239     294     278     263
     273     296     315     288     331     300     375     368     352     371
     358     367     341     347     336     341     326     297     311     307
     282     275     296     274     252     233     241     229     180     192
     199     168     164     164     144     148     154   61653
