$Informacoes da Fluorescencia de Raios-X:
"Sample    : fe_34677_16p",                                                               
"Operator  : ",                                                                           
"Comment  : micromater fe 52.7ug/cm2",                                                    
"Group     : kerr2007ab13liv300al",                                                       
"Date       : 2018-04-02 15:12:05",                                                       
"",                                                                                       
"Mesurement Condition",                                                                   
"------------------------------------------------------------------------------------",   
"Instrument : 700HS2   Atmosphere : Vac.   Collimator : 10(mm)   Spin : No",              
"------------------------------------------------------------------------------------",   
"Analyte               TG kV   uA      FI Acq.(keV)  Anal.(keV)  Time(sec)     DT(%)",    
"------------------------------------------------------------------------------------",   
"Na                    Rh 50  296-Auto Al  0 - 20    0.8 - 1.2   Live -  180   19",       
"Channel_info_start",                                                                     
"Channel : Na",                                                                           
"Points : 2048
"Range : 0.000000 - 20.480000",                                                           
"Step : 0.010000",                                                                        
"Channel_info_end",                                                                       
$DATA:
       0    2047
       0       0       0       0       0       0       0       0       0    2048
       0       0       0       0       0       0       0       0       0       0
       0       0       0       0       0       0       0       0       0       0
       0       0       0       0       0       0       0       0       0       0
       6      15      14      11       8      12      13      14      14       5
      14      12       5      12       8      15      11       8       8      15
      13       7      12      13      17      14      17       7      15      18
      11      11      16      20      19      18      18      27      29      22
      37      30      27      40      41      43      35      31      26      23
      23      23       8      13      16       6      13      15      14      15
       6      10      21      13      12      16      14      18      15      12
       6      14      17      13       8      14       8      15      10      12
      15      15       8      14       5       7      21       7      11      13
      12      20      12      12      19      13      14      14      16       7
       7      17      14      12      12      12      15      12      14      18
      14      12      22      17      12      21      21      16      12      19
      15      17      19      17      18      19      21      15      19      14
       5      14      12      20      16      18      14      22      17      24
      25      18      18      22      18      20      20      15      17      25
      27      16      15      16      16      15      24      18      19      23
      32      23      23      26      55      45      42      57      50      68
      56      62      65      76      74      79      57      52      37      34
      39      31      30      22      20      18      19      17      18      18
      10      17      14      12      13      19      14      12      15      14
      14      22      11      18      19      16      12      17      11      15
       8      15      20      19      10      19      13      15       6      11
      12      11      14      12      14      19      12      19      19      19
      11      14      15      15      10      23      20      21      15      16
      26      27      29      16      15      21      23      13      17      16
      16      13      19      19      18      19      21      27      20      19
      14      12      25      13      18      22      16      18      16      13
      27      22      19      20      15      19      15      21      17      17
      15      23      12      16      14      12      18      14      15      21
      19      19      13      19      15      16      24      17      13      23
      19      23      17      22      21      18      17      20      25      15
      30      18      18      17      29      18      17      23      22      17
      34      23      22      34      18      45      45      61      59      94
     133     157     228     282     296     403     457     621     611     805
     792     855     772     811     691     677     614     493     400     310
     280     208     132     118      90      75      53      51      45      55
      52      70      57      58      49      62      63      79      83     103
      89     118     112     127     117     137     125     117     108      95
      81      73      69      62      50      40      24      38      21      26
      30      32      30      30      36      30      22      22      32      35
      30      22      24      37      36      36      26      34      37      32
      56      50      34      57      40      40      53      54      42      59
      51      48      39      63      57      80      86      86     102     115
     148     132     171     181     213     182     221     211     215     209
     207     184     149     179     164     143      95     101      86      70
      67      72      51      56      42      60      52      51      49      53
      44      38      42      58      43      51      45      38      53      44
      54      33      44      57      57      55      43      45      54      42
      55      57      62      58      48      51      62      64      67      49
      65      65      57      76      74      64      77      94      70      77
      75      75      72      90      84      74      97      93     103      87
     115     102     105     100      99     106      89      93      98      95
     108      97      96      99      94      92      97      90     105      83
      75     100      69      83      65      77      77      84      79      88
      84      69      76      83      70      92      81      75      76      63
      69      73      94      90      87      78      87      94      96      99
      91      92      99      96     105     102     118     113     116     115
     136     117     141     132     130     125     138     141     159     159
     157     184     185     171     173     211     212     236     230     269
     286     342     384     566     673    1017    1329    1788    2645    3682
    4918    6819    8982   11773   14179   17952   21736   25879   29010   35863
   36696   41326   41591   44301   44029   44933   41340   40746   36732   34359
   28244   25479   21503   18166   13949   11715    8512    6720    4880    3494
    2619    1821    1234     912     678     500     301     288     245     229
     181     195     187     177     166     171     159     184     186     175
     185     196     182     189     220     230     210     240     248     300
     303     375     461     544     627     865    1028    1257    1497    1912
    2272    2748    3227    3666    4149    4699    4803    5343    5417    5754
    5541    5660    5480    5364    4739    4454    3939    3493    2924    2597
    2063    1645    1294    1105     798     650     518     394     277     207
     156     136      94      94      64      76      80      78      64      71
      68      70      79      63      69      64      80      70      74      73
      64      83      77      78      78      82      82      92      68      73
      65      77      76      75      80      69      74      72      75      59
      64      59      77      94      76      71      79      86      64      87
      82      76      71      80      90      95      72      81      90      81
      77      84      97      78      80      95      81      80     102      93
      98      97      97      99     114     120     100     115     103     107
     103     103     112      87      95      96      97      87      74      80
      92      88      63      96      74      88      57      62      61      79
      54      75      73      78      75      83      82      69      77      84
      75      81      67      61      75      97      76      97      78      74
      74      83      76      88      72     108      92      87      97      82
     106     100      97     121     130     124     132     119     126     131
     111      95     111     101     116     110     111      97      93      89
      89      88      61      84      77      92      72      84      78      68
      79      80      68      59      78      75      69      75      64      72
      67      77      83      63      69      78      67      63      67      69
      59      77      67      73      54      74      73      91      61      61
      70      72      62      59      73      71      64      67      71      71
      63      56      52      78      74      72      52      75      72      81
      65      63      64      80      57      61      62      63      55      77
      71      63      76      70      69      68      61      91      73      61
      82      72      71      86      68      79      64      64      79      65
      72      61      75      78      81      70      68      79      59      77
      74      70      78      68      51      71      63      71      76      71
      70      57      76      78      68      77      56      74      69      76
      75      84      87      88      62      62      77      75      95      70
      94      74      82      83      74      75      81      91      70      73
      80      89      75      80      79      78      58      72      71      77
      79      81      72      76      58      82      78      64      63      81
      72      64      71      70      82      72      69      56      70      54
      57      67      70      63      60      82      91      74      79      72
      61      63      65      74      75      71      54      63      60      64
      60      68      60      67      65      78      67      60      68      77
      81      51      69      62      65      73      61      71      64      62
      57      56      63      65      73      73      67      51      55      49
      73      69      55      62      56      82      58      71      65      54
      76      58      67      56      74      55      61      82      65      63
      69      69      59      58      71      71      53      68      55      63
      78      71      68      70      65      62      64      70      69      64
      67      80      69      57      73      65      67      54      70      62
      60      51      75      67      64      72      74      49      59      62
      57      81      61      67      57      54      71      72      69      61
      58      74      73      80      65      78      63      73      61      67
      69      62      64      65      60      64      74      70      74      57
      62      75      58      67      61      73      70      57      68      68
      58      61      67      58      72      59      58      75      64      62
      54      57      51      78      65      49      57      67      63      64
      74      63      71      58      55      68      69      52      63      56
      50      54      56      76      55      63      51      52      71      59
      64      55      65      54      56      44      45      53      72      71
      49      51      63      60      57      45      69      65      61      59
      49      69      67      65      61      61      68      64      63      90
      79      81      72      77      97     101      87     110     100     115
     117     109     122     103     124     149     152     147     147     131
     126     162     140     138     135     144     112     133     102     113
     117     114      81      89      91      89      71      72      65      55
      60      74      67      57      65      68      65      46      51      35
      46      59      49      64      69      58      52      50      50      50
      54      57      67      50      69      61      71      65      56      61
      81      73      62      65      61      52      68      78      82      78
      87      77      80      69      63      78      71      84      84      93
      79      87      71      76      72      72      63      75      63      52
      77      68      71      64      58      59      50      51      70      50
      60      71      51      62      51      61      62      52      64      46
      50      52      49      42      53      49      68      58      49      51
      55      61      53      74      48      65      58      64      65      57
      68      51      62      54      59      43      57      52      55      56
      53      65      45      71      48      51      45      55      56      62
      50      55      65      55      51      44      65      48      58      44
      53      42      41      41      48      50      49      57      49      50
      51      49      49      43      41      43      49      49      56      33
      51      49      43      55      43      59      45      50      56      57
      42      55      46      61      52      54      48      52      42      56
      44      54      41      52      34      55      39      52      54      50
      45      53      54      43      43      44      48      49      48      40
      45      48      55      63      54      46      41      58      43      46
      49      53      57      50      39      53      52      39      54      46
      48      54      52      55      54      52      42      56      48      48
      46      44      39      51      45      37      48      53      43      46
      41      45      43      42      49      41      38      49      44      45
      46      36      42      41      60      50      45      52      45      63
      49      54      44      56      38      37      41      52      46      56
      51      40      48      45      44      53      46      42      35      48
      41      43      53      50      42      59      45      38      43      54
      40      43      41      54      37      45      46      48      54      27
      45      43      52      40      46      41      39      45      60      46
      55      49      46      38      51      42      42      68      48      51
      46      55      44      42      49      31      44      30      54      42
      52      44      50      41      38      42      35      38      46      39
      49      49      46      42      46      35      31      50      44      44
      41      46      41      50      40      37      32      55      44      34
      45      51      37      42      46      36      49      51      48      39
      39      43      49      50      45      51      37      46      36      37
      53      49      38      41      40      54      51      39      40      46
      39      31      33      40      40      36      39      38      41      43
      43      58      40      42      50      36      46      42      43      46
      52      45      42      32      27      39      44      45      34      53
      36      35      37      43      37      37      38      38      44      43
      52      41      34      46      33      46      48      43      40      50
      43      36      42      50      39      35      41      41      41      39
      52      50      42      30      51      38      41      43      42      37
      36      46      42      43      49      41      35      40      38      40
      35      42      53      44      45      46      38      44      50      40
      46      37      53      34      27      54      39      33      39      41
      45      44      49      31      41      37      48      51      52      41
      48      51      49      39      45      56      32      53      36      49
      41      45      42      40      37      50      49      39      50      54
      44      54      49      35      48      45      42      38      46      56
      38      54      41      55      51      52      50      55      54      50
      55      41      46      39      42      57      56      51      56      43
      49      41      67      57      52      46      67      59      56      54
      70      60      67      51      54      55      59      72      63      65
      71      63      73      55      60      65      74      65      73      87
      69      80      73      86      95      81     102      93     106      91
     112     111     121     113     102     124     141     133     126     154
     172     158     155     154     138     169     174     208     206     202
     194     230     235     219     226     236     253     261     266     264
     311     233     261     296     270     299     304     273     310     249
     290     279     303     307     282     264     296     296     261     260
     220     288     243     277     243     248     211     259     228     247
     242     190     239     214     207     182     183     177     177     149
     145     158     153     144     145     133     137     132     118     102
      90      99      94      99      73      91      89      78      86      81
      86      71      74      58      70      77      62      69      59      65
      65      67      69      61      55      71      84      62      67      53
      74      94      81      78      95      90     110      88     105     113
     116     122     135     129     147     133     171     115     156     174
     166     151     165     165     143     155     129     155     146     125
     130     112     130     106      97      91      92      99      87      79
      74      68      57      68      58      65      61   20713
