$Informacoes da Fluorescencia de Raios-X:
"Sample    : co_34678_16p",                                                               
"Operator  : ",                                                                           
"Comment  : micromater co 54.8ug/cm2",                                                    
"Group     : kerr2007ab13liv300al",                                                       
"Date       : 2018-04-02 15:25:18",                                                       
"",                                                                                       
"Mesurement Condition",                                                                   
"------------------------------------------------------------------------------------",   
"Instrument : 700HS2   Atmosphere : Vac.   Collimator : 10(mm)   Spin : No",              
"------------------------------------------------------------------------------------",   
"Analyte               TG kV   uA      FI Acq.(keV)  Anal.(keV)  Time(sec)     DT(%)",    
"------------------------------------------------------------------------------------",   
"Na                    Rh 50  296-Auto Al  0 - 20    0.8 - 1.2   Live -  180   21",       
"Channel_info_start",                                                                     
"Channel : Na",                                                                           
"Points : 2048
"Range : 0.000000 - 20.480000",                                                           
"Step : 0.010000",                                                                        
"Channel_info_end",                                                                       
$DATA:
       0    2047
       0       0       0       0       0       0       0       0       0    2048
       0       0       0       0       0       0       0       0       0       0
       0       0       0       0       0       0       0       0       0       0
       0       0       0       0       0       0       0       0       1       1
       8      23      10      14      12      21      14      15      15      18
      11      24      10      11      12      10       8      15      15      14
      13      14      14      11      13      11      15      12      21      14
      10      10      21      13      13      14      17      22      17      28
      23      36      57      48      63      54      58     106      97      90
      80      95      90      78      68      63      51      51      35      29
      27      19      19      19      19      12      17      12       6      11
      14      22      14      11      15       9      16      14      11      13
      16      12      14      17      13       8      21      11      12      18
      19      15       8      21      17       9      15      14      13      19
      11      18       9      12      13      15       6      16      17       5
      18      18      17      21      19      15      15      19      21      35
      28      31      16      19      14      15      18      13       9      19
      17      12      18      22      17      13      12      14      23      15
      10      21      18      19      19      30      14      13      17      13
      18      21      18      13      18      15      13      18      18      16
      16      23      17      36      41      42      52      70      55      69
      58      72      64      97      51      58      46      41      34      30
      24      25      21      25      14      15      17      19      13      18
      13      14      14      11      24      18      18      28      13      17
      23      19      15      19      16      13      12      10      16      25
      16      14      12      16      13      13      12      16      13      13
      11      11      18      13      19      11      15      12      12      12
      22      27      12       8       9      18      13      21      19      25
      23      23       9      22      11      19      15      16      12      24
      10      15      13      12      19      14      19      11      11      24
      15      11      15      13      12      26      18      16      21      11
      19      21      18      19      16      17      19      12      18      18
      16      13      19      18      18      16      26      29      13      18
      18      25      13      17      18      23      23      14      14      18
      15      17      17      16      13      22      13      15      11      12
      16      17      24      27      15      17      17      19      16      25
      17      17      23      42      30      31      45      67      64      96
     112     162     210     283     291     445     510     590     613     777
     725     745     759     783     688     635     560     489     397     318
     242     204     148     125      90      66      63      52      58      49
      46      63      44      53      53      57      62      85      74      91
      90     107     119     106     110     121     119     124      93     106
      86      66      62      54      42      38      41      42      29      25
      28      29      28      32      30      37      29      29      39      19
      21      35      26      34      39      36      32      38      42      36
      42      42      41      38      38      42      39      45      55      55
      44      39      55      50      44      50      53      52      45      57
      42      57      40      46      50      61      49      41      55      45
      32      46      41      45      46      32      39      30      24      37
      46      28      34      51      43      45      35      44      49      31
      38      36      43      43      46      43      43      30      43      58
      38      28      46      45      46      50      45      54      56      62
      89      98      93     116     112     144     131     162     197     187
     203     194     160     190     166     155     144     122     115     101
     110      80      67      89      61      49      59      51      58      45
      56      53      66      64      55      56      53      57      64      52
      59      51      49      58      52      59      64      57      64      57
      64      57      43      70      59      53      72      78      67      82
      78      65      74      77      65      66      74      80      64      75
      70      70      69      79      81      86      67      94      81     103
     102     103     111     114     110      99      89     104      92      99
     107      81      96     103     103     115      98      89      90     104
      88      93     104     103     101      98     107      91      85      85
     104     115      95     107      98      98      89     120      96     117
     115     107     119      95      95      99     116     114     104     128
     109     138     128     151     120     134     139     128     132     139
     151     122     141     158     151     117     150     165     168     168
     176     201     170     178     191     189     201     243     217     243
     246     275     337     409     453     600     769    1091    1378    1972
    2636    3775    4789    6575    8764   11496   13777   18078   21265   26226
   28693   33955   37504   42299   43141   46177   48305   48683   45839   45410
   43210   40819   35357   32359   28434   24191   19148   16243   12937   10425
    7733    6164    4324    3271    2186    1630    1240     805     624     427
     347     282     235     228     179     201     185     185     168     172
     146     170     145     196     198     173     170     196     161     201
     196     231     213     230     259     246     272     288     348     381
     442     481     614     784     958    1121    1376    1601    1891    2455
    2854    3443    3771    4297    4725    5197    5518    5743    6297    6398
    5911    6095    5762    5414    4994    4652    4069    3612    2951    2734
    2302    1752    1449    1274     869     769     528     426     357     278
     190     157     141     144     107     123      91      97      94     105
     106      99      99     111     107     112      85     102     115     110
      93     110     106      95      81      86      84      80      89      85
      76      82      62      75      61      69      92      71      68      93
      67      63      68      62      69      56      82      68      52      64
      70      49      71      86      65      79      53      66      69      65
      59      63      59      69      67      72      78      89      79      84
      79      99      85      70      84     115     112      91     110     109
     139     115     110      91     108     104      83      88      72     107
      91      81      68      65      63      77      59      68      79      77
      86      85      72      72      67      63      76      79      61      80
      84      68      46      70      58      65      74      56      74      85
      66      69      71      69      66      67      69      68      71      92
      57      75      53      62      70      66      74      69      88      68
      76      75      70      65      57      63      63      68      85      66
      62      80      85      94      80      75      76      85      72      85
      72      71      80      82      77      88      88      83      68      74
      81      69      71      95      66      82      86      85      78     105
      86      83      71      72      75      71      77      71      67      84
      94      75      84      88      81      66      93      77      74      78
      85      63      83      69      70      78      71      81      56      78
      85      66      71      69      67      66      78      77      59      79
      65      58      70      71      58      64      77      66      66      76
      75      62      70      58      71      72      53      55      67      67
      67      61      75      82      56      67      72      68      56      80
      64      59      52      67      66      78      77      89      72      68
      67      64      71      74      56      62      74      62      51      80
      62      76      67      70      80      71      80      46      67      72
      70      75      79      65      79      48      80      84      71      67
      72      81      63      68      68      65      65      58      61      70
      75      69      69      54      67      76      68      49      76      77
      72      81      64      64      63      71      70      59      75      74
      71      95      85      69      54      68      72      59      66      77
      83      61      56      59      76      69      67      67      69      67
      62      86      62      65      80      67      58      75      63      68
      70      65      72      74      58      70      66      64      66      63
      63      64      63      61      70      70      78      65      51      70
      76      62      50      57      70      75      74      72      53      64
      62      61      55      54      61      63      45      59      54      72
      59      70      54      66      56      56      63      55      59      42
      61      53      50      61      61      59      67      58      61      80
      62      49      67      57      57      61      56      69      54      70
      51      56      51      56      46      49      49      68      67      63
      69      64      65      65      41      69      67      67      68      57
      56      48      64      67      62      58      48      63      46      54
      52      77      61      65      61      54      75      56      63      58
      57      65      61      68      74      71      75      61      59      65
      63      75      63      59      68      64      79      70      66      64
      67      64      70      55      63      74      58      64      72      74
      62      52      59      55      57      64      66      67      64      62
      65      66      57      61      65      55      57      66      59      56
      62      65      68      62      61      43      49      65      59      53
      54      72      59      67      54      62      63      69      55      65
      57      65      62      61      68      57      62      62      59      63
      53      53      57      68      52      54      64      57      65      57
      57      69      50      65      58      62      58      56      72      66
      53      59      61      65      50      63      61      58      44      70
      64      59      61      55      55      68      75      59      63      64
      74      71      82      70      65      71      82      70      72      71
      94      85      95      86     128     109     126     163     141     141
     147     156     147     145     141     156     158     139     145     144
     141     147     129     126     120     117     114      91     110      93
      93      82      57      67      66      52      70      62      67      48
      55      57      61      42      62      62      62      53      41      62
      42      38      49      52      54      44      54      55      45      39
      71      62      43      57      68      46      39      48      52      74
      50      88      68      58      64      68      77      84      59      74
      70      93      77      67      71      70      92      76      67      94
      75      72      70      85      61      76      68      67      81      61
      61      71      69      64      54      57      53      56      67      56
      50      50      53      45      46      42      66      43      39      58
      55      53      48      52      52      44      39      39      39      49
      50      42      40      42      42      48      56      44      39      40
      56      56      34      43      57      52      40      45      58      52
      53      55      52      48      44      54      43      49      49      50
      40      55      46      62      46      51      40      52      45      48
      37      48      42      49      61      56      48      55      44      52
      37      52      42      30      49      37      51      49      52      48
      50      43      44      53      32      41      46      42      48      43
      49      40      43      35      39      51      56      44      44      57
      37      61      41      46      43      46      44      45      37      40
      43      43      43      39      52      65      53      49      50      48
      44      46      43      51      53      37      55      58      37      48
      48      41      42      39      36      43      39      55      42      49
      43      36      46      37      46      56      58      41      34      34
      61      43      32      39      32      43      49      41      54      46
      50      36      43      45      40      55      48      54      48      36
      41      42      34      45      55      44      41      48      44      41
      49      48      40      38      45      39      42      35      45      44
      41      42      45      37      48      42      43      50      35      49
      42      55      38      35      54      41      44      36      38      46
      38      52      34      41      38      34      37      45      61      45
      41      42      43      41      30      34      50      55      48      36
      31      34      46      39      45      44      27      49      34      34
      48      45      46      44      42      29      49      49      38      40
      42      38      29      42      40      35      38      57      44      42
      41      50      40      42      42      23      38      40      40      43
      26      38      37      41      42      41      37      38      36      44
      38      37      48      38      34      42      51      34      40      54
      54      34      43      52      41      36      46      30      34      45
      48      34      39      37      42      34      35      45      34      46
      50      38      42      48      31      41      31      45      46      51
      40      38      57      52      36      32      50      59      38      36
      45      54      45      46      37      42      42      43      40      41
      46      43      49      49      57      42      52      43      59      45
      43      62      46      55      59      61      41      56      51      58
      54      61      62      43      64      56      53      59      54      54
      59      79      50      52      54      65      63      66      68      52
      65      67      58      64      79      64      74      76      66      76
      74      90      80      70      70      88      89      83      98      93
     101     103     116     128     110     104     130     141     141     136
     163     147     151     158     168     175     179     189     206     205
     217     176     217     210     222     206     257     239     226     271
     281     266     251     253     262     294     271     261     285     268
     242     266     272     278     288     298     269     282     238     240
     264     277     251     245     263     263     255     232     221     240
     202     215     239     208     190     181     187     172     173     179
     178     160     147     151     121     143     111     112     119     111
     118     101     102      90      85      90      74      74      95     103
      84      83      78      66      66      68      66      70      71      63
      71      62      76      61      69      64      55      64      75      76
      79      77      66     101      90      85     103     114     130     103
     138     112     116     126     134     138     161     126     175     151
     156     158     159     152     159     137     148     159     129     134
     150     115     120     106      96     103     108      84      80      92
      86      90      70      56      71      57      48   20698
