$Informacoes da Fluorescencia de Raios-X:
"Sample    : cr_34673_16p",                                                               
"Operator  : ",                                                                           
"Comment  : micromater cr 52.2ug/cm2",                                                    
"Group     : kerr2007ab13liv300al",                                                       
"Date       : 2018-04-02 14:54:56",                                                       
"",                                                                                       
"Mesurement Condition",                                                                   
"------------------------------------------------------------------------------------",   
"Instrument : 700HS2   Atmosphere : Vac.   Collimator : 10(mm)   Spin : No",              
"------------------------------------------------------------------------------------",   
"Analyte               TG kV   uA      FI Acq.(keV)  Anal.(keV)  Time(sec)     DT(%)",    
"------------------------------------------------------------------------------------",   
"Na                    Rh 50  378-Auto Al  0 - 20    0.8 - 1.2   Live -  179   19",       
"Channel_info_start",                                                                     
"Channel : Na",                                                                           
"Points : 2048
"Range : 0.000000 - 20.480000",                                                           
"Step : 0.010000",                                                                        
"Channel_info_end",                                                                       
$DATA:
       0    2047
       0       0       0       0       0       0       0       0       0    2048
       0       0       0       0       0       0       0       0       0       0
       0       0       0       0       0       0       0       0       0       0
       0       0       0       0       0       0       0       0       0       1
       9      19      10      19      16      15      14      25      15      13
      16      22      20      15       6      12       4      15      14      18
      17      17      16      16      22      22       7      18      15      15
      18      10      16      19      17      17       9      14      20      17
      21      10      14      16       7      10      12      17       5      14
      12      19      15      15      19      12      10      15      18      15
      16      10      15      14       8      20      15      16       9      20
      14      16      18      25      21      13      17      19      16      14
      14      16      12      16      17       8      15      17      15      23
      14      22      18      15      14      18      18      28      20      13
      19      25      17      19      21      14      10      18      23      10
      24       9      17      20      20      26      26      33      38      34
      17      29      18      23      19      17      16      14      20      19
      13      14      24      13      17      20      19      14      30      22
      21      21      27      20      28      24      20      22      18      26
      20      23      24      31      17      22      29      26      28      28
      33      39      34      44      39      46      50      79      82      92
      89      91     100     117      87     106      77      95      53      49
      41      49      39      37      28      19      29      24      21      24
      19      26      21      18      19      21      18      27      20      17
      18      18      18      15      17      21      24      19      18      17
       7       9      28      23      21       8      14      19      15      24
      24      18      15      13      17      22      15      24      19      29
      19      29      25      20      23      23      18      10      18      23
      29      26      17      31      28      21      12      14      19      29
      17      22      27      17      26      21      27      25      20      23
      21      25      20      20      22      25      29      26      25      25
      20      29      28      25      33      25      23      25      28      39
      26      22      20      33      17      30      19      26      25      24
      21      24      26      18      29      36      30      28      29      28
      26      37      39      26      23      40      36      43      33      22
      27      39      37      28      38      39      29      31      24      34
      38      41      44      56      78      80     106      94     136     171
     229     339     365     516     588     745     787    1059    1064    1181
    1243    1264    1283    1287    1108     974     849     726     579     456
     374     298     218     190     113     111      85      74      86      77
      79      86      70      73     104      95      96     104     106     147
     127     164     169     167     161     177     152     160     119     115
     131     122     107     109      94      91      73      87      57      73
      70      77      76      81      78      81      82      83      66      76
      72      66      61      82      78      89      74      84      65      78
      89      79      82      70      96      77      84     100      83     107
      91     107      89     107     112     115     101     102     105     108
     121     111     114     129     113     129     112     111     119     108
     102     120     107     142     123     135      98     100     111     119
     125      90     116     133     107     100      94     102      98     135
     100     106     113     127     105     136     121     115     123     130
     120     111     138     122     137     125     144     152     171     136
     130     145     166     191     163     187     189     214     215     263
     245     271     302     389     471     519     690    1102    1441    2112
    2775    4214    5643    7946   10358   13550   16980   21570   24594   30077
   33763   38582   40152   44531   44393   45900   43254   42593   38600   36211
   30307   27297   22367   18848   14155   11532    8676    6438    4520    3295
    2256    1498    1012     766     511     346     298     215     191     174
     163     179     197     179     180     184     203     213     268     294
     301     384     501     594     760     950    1147    1500    1775    2374
    2708    3388    3643    4469    4720    5300    5329    5860    5618    5617
    5603    5327    4734    4485    3891    3412    2853    2407    1936    1667
    1207     951     670     563     408     281     233     174     142     104
      74      87      77      73      72     101      70      81      85      66
      84      70      65      80      86      85      92      87     105     106
     105     100     103     102     108     105     105     119     116      99
      93     121      95      94      95      96      98     108     102     107
      88      88      79     115      83      84      94     105     108     102
     101     107      91      99     123      98      82      99      92      98
      82     103      96      91     102     114     103     105      71      96
      85      85      78      95      77      91      92      85      88      87
      76      80      91      63      83     100      70      80      76      78
      60      72      81      85      95      91      77      96      68      81
      84      91      83      83      53      84     105      89      86      86
      62      91      89      73      65      87      91      65      91      91
      91      84      92      96      81      80      78      83     106      93
      82     105      82      92      93      93      73      98      86      84
      91      86      85      90      84      85      85      93      72      88
      95      70      99     100      86     104      94     102      90      76
      86     105      99     100      91      93     106     104      85      99
     103      95     111     104     103     110     107     115     101     116
     112     144     127     126     130     125     135     146     136     126
     122     131     108     133     126     141     126     116     106     107
      88     108      91      91      86      84      68      95      92      88
      95      94      87      88      99      86      83      90      85      80
      87      77      73      85      93      76      83      85     113      90
      86      94      91     100     109      90     107      94     103     137
     124     117     125     138     125     139     128     122     166     144
     150     139     138     121     146     132     115     119     111     124
     108     116     102     104      93     101      93     101     105      85
      90      84      81      82     104      89     101     101      84      81
      93      85      78     100      96      85      72      90      85      95
      87      83      93      90     117      73      89      85      87      90
     100      80      87      90     105      96      81      96      89      77
      87      85      79     124      73      90      92      91      79      71
      77      84      76      78     100      83     103      81      86     104
      83      69      91      88      87      96      93      87      96      90
      89     103      73     103      93     105     105      86      96     102
      91     102      98      89      92      86     108     105      84      91
      91     102      93      81     100     116     102      89      88      94
     101      70     108     101      82      82     107     121      77     103
     108     103      86      84     102      91      92     100     100     121
      84      94      98      99      88      71      76      86      92      81
      70      79      78      70     102      95      95      98      91      90
      92      84      87      85      88      81      72      86      74      77
      82      82      67      66      98     100      81      83      84      79
      90      69      68      84      76      74      76      81      71      77
      72      69      83      94      71      74      85      81     103      81
      86      87      86     116      83     110     100     120     108     119
     134     126     124     143     145     149     151     137     153     192
     178     161     154     145     142     155     157     156     125     133
     114     120      98     120      95      90      98      98      90      94
      95      84      93      82      77      81      86      80      85     100
      88      73      72      84      81      89      83      76      92      81
      79      99      78     103      91     114      91      81      85      99
     111      94      99     100      92      88     100      89      99     107
      89     112     109      81      71     103      96      77      82      91
      78      63      96      82      95      86      78      88      84      66
      89      90      74      88      90      76      92      81      64      79
      88      81      71      78      69      98      70      83      73      77
      76      65      66      66      73      90      79      82      71      85
      72      90      81      88      85      73      77      82      86      66
      89      85      81      80      81      86      82      80      76      78
      70      70      84      73      73     104      74      61      61      76
      71      79      72      63      80      70      58      85      69      67
      58      66      80      88      81      67      81      63      81      70
      78      90      82      76      76      70      69      74      65      79
      82      67      89      66      86      81      74      73      93      73
      79      69      71      73      82      56      68      66      80      90
      67      71      87      81      70      70      73      73      79      74
      81      65      64      64      68      85      68      64      84      78
      79      63      73      64      66      80      71      71      83      84
      58      63      87      69      52      71      57      63      73      91
      64      80      62      80      80      72      70      73      66      76
      63      73      65      78      78      58      91      81      57      69
      83      66      61      61      80      76      71      83      59      65
      68      62      69      96      63      73      55      70      72      74
      62      76      66      74      67      70      66      74      67      76
      69      91      64      80      66      64      58      82      67      62
      61      62      69      63      63      63      70      72      68      62
      60      70      88      70      60      71      92      68      77      74
      62      83      58      82      73      62      67      65      84      69
      60      55      68      76      57      83      62      62      64      64
      58      58      63      66      84      67      57      56      58      76
      71      55      59      72      67      71      44      69      53      74
      71      78      66      43      55      52      74      55      60      77
      67      48      65      61      61      69      79      77      63      62
      63      94      66      53      60      64      61      47      71      48
      71      64      67      71      57      66      67      64      50      74
      56      44      46      62      51      63      57      67      67      59
      56      77      63      72      51      73      65      55      69      68
      64      74      56      43      69      70      73      56      64      74
      57      49      90      53      68      58      77      52      53      45
      46      67      51      58      59      66      68      66      59      69
      64      68      56      62      56      46      85      45      67      69
      69      60      55      48      57      55      55      47      60      69
      52      60      58      58      60      49      68      61      65      50
      52      55      55      52      60      56      45      59      55      49
      55      66      55      58      51      56      68      58      58      52
      60      56      63      50      64      49      62      38      62      47
      57      66      49      55      55      62      77      36      59      61
      66      68      58      50      59      56      60      56      67      50
      53      57      37      53      50      49      59      55      49      69
      63      49      42      57      50      50      46      50      46      58
      50      62      61      43      51      57      52      58      56      61
      44      60      55      48      41      60      49      49      50      49
      57      53      60      48      41      59      46      57      50      61
      53      44      45      64      62      48      47      44      59      53
      46      51      55      46      47      49      47      61      34      60
      44      47      56      49      50      69      45      56      69      46
      50      55      52      40      43      69      48      55      45      61
      53      48      48      44      60      57      46      49      52      57
      40      46      66      58      55      48      63      60      57      52
      36      57      51      40      52      63      53      55      47      48
      64      53      44      44      49      37      42      57      48      48
      55      46      48      58      31      56      43      47      48      55
      46      53      65      49      58      52      64      53      59      41
      50      50      52      43      64      49      53      46      52      53
      62      53      53      41      55      48      48      66      52      55
      55      49      46      52      59      44      41      57      46      53
      63      51      48      44      52      60      58      52      49      71
      53      58      41      49      49      44      53      52      46      51
      58      50      58      65      62      64      63      52      69      65
      63      62      52      67      60      48      44      56      45      52
      44      56      47      56      58      68      64      65      47      60
      48      57      62      44      69      53      59      62      67      69
      53      78      67      68      61      71      73      72      69      56
      80      77      70      65      72      70      78      77      91      80
      94      98      83      82      74      71      76      79      84      83
     133      93     110     111     112     104     101     110     130     124
     114     114     131     158     128     147     166     192     174     163
     190     214     212     227     207     227     219     227     247     263
     240     265     266     322     252     303     307     332     293     278
     366     315     323     361     359     337     323     398     411     364
     357     335     368     370     388     388     378     362     331     324
     330     376     343     314     305     313     295     287     301     282
     285     276     260     236     257     221     276     237     217     217
     188     170     191     179     180     179     155     168     131     148
     147     121     123     136     107     115     124     116      99     112
     104     106      78      77     106     115      72      86      94      92
      68      73      70      82      83      74     105      86      87      88
     105      96     104     105     110     120     122     128     132     148
     154     159     165     175     148     148     180     149     154     185
     179     175     178     153     179     156     156     177     154     186
     124     147     124     148     135     100     122     102      92      82
      83      94      76      85      79      65      60   25184
