$Informacoes da Fluorescencia de Raios-X:
"Sample    : fe_34676_16p",                                                               
"Operator  : ",                                                                           
"Comment  : micromater fe 53.9ug/cm2",                                                    
"Group     : kerr2007ab13liv300al",                                                       
"Date       : 2018-04-02 15:07:51",                                                       
"",                                                                                       
"Mesurement Condition",                                                                   
"------------------------------------------------------------------------------------",   
"Instrument : 700HS2   Atmosphere : Vac.   Collimator : 10(mm)   Spin : No",              
"------------------------------------------------------------------------------------",   
"Analyte               TG kV   uA      FI Acq.(keV)  Anal.(keV)  Time(sec)     DT(%)",    
"------------------------------------------------------------------------------------",   
"Na                    Rh 50  296-Auto Al  0 - 20    0.8 - 1.2   Live -  179   19",       
"Channel_info_start",                                                                     
"Channel : Na",                                                                           
"Points : 2048
"Range : 0.000000 - 20.480000",                                                           
"Step : 0.010000",                                                                        
"Channel_info_end",                                                                       
$DATA:
       0    2047
       0       0       0       0       0       0       0       0       0    2048
       0       0       0       0       0       0       0       0       0       0
       0       0       0       0       0       0       0       0       0       0
       0       0       0       0       0       0       0       0       0       1
      13      11      16      21      20      13      14      14      11      11
      13      15      13      18      13      16       6      17       8      13
      12      11      14      14       7      14      11       8      17      10
      13      12      15      16      18      19      15      27      24      24
      33      34      26      36      30      33      27      23      21      23
      21      21      15      15      18      17       8      12      20      21
      15       8      10      10       8       6      13      18       6      18
       5       7      10      12       8      19      13       8      17      18
      10       8      15      11      14      17      15      20      15      17
      15      14      17      17      10      14       8      19      13      17
      15      12      17      17      12      15      14      13      14       8
      14      16      12      19      24      20      20      21      29      29
      19      27      17      15      15      22      10      12      17       8
      22      20      15      10      22      11      17      20      12      13
      21      18      22      16      10      30      18      17      18      22
      24      24      14      16      23      17      18      20      26      35
      32      37      30      35      34      32      40      59      58      72
      55      80      74      75      64      54      55      58      40      35
      34      24      15      19      20      19      16      17      18      13
      16      22      12      12       7      13       8      13      13      19
      17      15      11      17      22      14      13      10      20      15
      20      14      11      15      11       5      10      17      15      11
      18      13      17      12      15      16      12      18      15      19
      17      19       4      18      17      21      15      24      25      22
      23      23      15      19      15      15      11      21      20      15
      15      32      18      19      15      23      20      21      17      31
      14      15      20      11      14      19      18      18      12      13
      15      24      14      19      19      11      13      10      11      17
      14      19      12      14      15      19      17      19      23      17
      18      21      18      25      17      15      17      22      16      20
      21      15      12      10      22      13      19      22      17      21
      20      26      15      22      17      12      18      16      18      21
      20      19      24      44      31      31      48      63      56      92
     107     171     217     267     335     426     485     582     613     733
     736     765     798     829     748     637     594     547     433     373
     266     215     147     134     104      85      50      56      51      67
      45      62      42      62      55      76      62      80      80     107
      94     120     130     136     128     122     108     126     100      83
      85      72      56      45      56      37      37      26      37      30
      27      37      35      32      26      31      22      32      23      34
      32      36      37      29      39      37      36      44      45      38
      49      52      58      49      41      44      42      60      68      67
      39      56      61      67      75      81      77     106      90     109
     123     144     149     186     162     223     191     207     210     250
     208     200     188     163     166     130      99     101      82      69
      59      73      73      63      55      42      47      48      50      40
      37      52      50      41      49      47      52      56      52      47
      47      50      56      57      55      58      71      61      50      57
      60      62      50      49      51      57      68      56      48      76
      69      72      62      71      67      66      94      69      62      76
      81      92      80      98     105     101      83      96     105      97
     103      83      81      78      81      87     111     113     100     104
      88      96     115      91      72      92      71      81      75      91
      78      89      94      82      80      76      80      77      74      70
      78      76      74      64      92      93      76      80      63      76
      94      94      85     117     120      91      80      86      94      87
      98     116      86     114      90     130     112     113     116     122
     142     125     122     120     127     165     168     143     140     160
     163     167     152     176     169     181     226     222     213     229
     278     374     422     596     806     952    1297    1854    2626    3724
    4855    6753    8809   11760   14248   17897   21736   26297   29216   35943
   36634   41510   41446   44481   44528   45008   41204   40838   36809   34552
   28685   25671   21417   18136   13861   11987    8460    6851    4818    3583
    2596    1937    1225     935     695     494     345     306     234     215
     186     179     192     183     156     198     151     182     159     194
     184     188     183     205     193     198     217     268     246     333
     360     424     424     574     646     801    1038    1312    1502    1846
    2326    2709    3031    3655    4205    4459    4702    5319    5430    5704
    5658    5607    5442    5285    4654    4417    3978    3493    2916    2668
    2059    1768    1355    1084     843     719     489     354     282     230
     172     169     108     109      91      69      85      74      83      74
      62      70      62      66      57      85      60      71      86      62
      73      85      77      86      61      69      85      74      70      71
      85      76      75      62      64      74      64      83      70      77
      61      80      61      64      70      80      64      62      63      60
      69      67      61      87      78      78      73      92      79     104
      72      85      88      73      87      92      89     105      98      92
     118     111      99     111     113     125      92     113      97     110
      89      97      91     109      77      86      91      86      99      85
      80      78      75      78      78      75      70      70      87      90
      77      67      71      74      86      80      69      66      62      78
     104      71      62      55      67      86      81      91      81      81
      72      86      76      87      78      89      60     101      98      88
      81     105      94     103     122     109     134     106     128     122
     122     115     123     110     124      91     105     105      91      96
      97      87      85      88     105      72      69      75      91      90
      71      85      78      69      83      74      81      60      71      70
      71      70      71      63      56      63      70      68      49      77
      76      73      57      74      51      72      66      58      57      56
      60      59      53      63      81      62      59      50      61      67
      56      71      66      66      69      72      64      82      68      66
      82      60      59      57      66      75      70      66      94      74
      60      66      81      66      53      64      64      68      69      55
      66      64      61      72      59      85      63      73      68      68
      69      58      73      83      63      85      76      86      68      70
      68      70      62      66      80      70      53      62      79      72
      76      71      70      70      78      62      76      89      78      78
      81      72      71      72      79      61      83      67      71      74
      71      76      59      67      66      64      64      77      90      83
      75      72      75      74      81      89      78      69      66      76
      60      79      58      79      63      70      69      62      85      57
      87      69      82      69      68      82      68      79      67      76
      64      57      69      81      73      67      62      57      67      63
      70      63      58      70      62      50      71      68      77      43
      56      70      62      77      59      76      67      70      67      73
      55      64      43      55      68      71      53      60      61      60
      58      64      66      71      61      67      61      64      54      48
      72      61      52      63      55      67      55      62      62      70
      59      77      82      54      64      70      81      71      57      58
      69      71      72      57      52      87      71      62      60      59
      71      62      66      54      61      68      62      62      53      59
      77      53      55      62      69      64      78      66      64      74
      69      73      50      78      61      66      69      59      66      62
      69      58      40      58      59      67      51      62      61      69
      54      57      72      64      62      63      72      61      62      75
      68      74      63      57      57      45      61      72      61      79
      56      72      62      53      69      58      69      61      68      51
      61      59      51      68      47      64      56      57      56      62
      45      61      61      62      69      66      57      58      52      58
      45      73      54      67      88      66      59      61      56      66
      48      55      66      62      47      48      50      57      56      74
      54      48      56      54      68      58      63      66      60      61
      62      70      55      66      64      64      58      59      56      59
      79      62      47      55      59      58      73      76      74      58
      61      66      83      80      77      94      85      82      94     112
     104      89     123     112     124     168     147     129     159     130
     136     131     134     133     123     128     128     114     115      96
     109      90      91      97      88      74      62      77      75      68
      68      77      67      60      58      72      57      51      50      50
      42      60      72      45      64      60      50      43      62      64
      50      71      48      52      66      42      68      49      52      49
      53      67      70      70      67      69      64      82      79      87
      74      71      97      56      96      86      75      89      89      79
      85      78      73      72      75      53      58      56      85      67
      61      51      63      61      44      52      64      73      69      56
      56      56      56      69      56      52      49      50      71      71
      61      67      56      56      48      72      54      49      56      47
      63      51      51      64      61      52      63      44      60      51
      59      58      60      53      56      62      50      55      42      55
      56      50      56      62      60      62      54      48      50      32
      43      52      54      58      39      57      42      47      70      56
      48      59      53      52      43      51      48      51      57      52
      52      40      48      53      53      49      55      47      42      44
      52      52      45      37      58      60      38      39      45      59
      44      45      54      42      49      48      41      43      44      62
      57      44      43      44      42      48      42      54      42      57
      52      39      59      59      51      56      58      44      49      57
      50      51      56      37      31      54      34      40      58      52
      47      45      57      52      55      39      45      45      29      39
      52      53      51      52      53      59      43      51      55      44
      43      51      54      56      48      39      52      45      45      53
      51      49      44      44      60      43      50      47      32      54
      49      54      50      55      48      57      57      43      33      57
      44      47      62      43      32      48      54      36      50      43
      56      58      42      45      34      36      54      63      60      60
      44      50      31      48      53      49      48      42      32      49
      34      36      59      41      57      31      44      38      42      56
      50      49      37      58      50      50      60      36      45      38
      37      47      53      43      51      40      36      45      36      47
      44      42      36      47      51      44      43      60      48      37
      39      49      44      39      49      40      44      31      44      36
      43      40      54      49      55      40      51      48      40      33
      52      35      49      43      36      38      50      33      53      50
      54      39      42      52      37      44      45      41      38      44
      51      49      40      48      53      35      47      43      44      39
      42      35      43      42      38      47      37      48      45      55
      44      40      36      38      39      38      38      47      47      53
      38      37      33      51      40      29      39      35      45      49
      48      55      41      41      51      32      36      48      45      31
      41      27      41      40      31      34      38      43      30      44
      43      40      51      42      49      33      47      41      37      45
      41      42      48      38      30      44      48      33      49      27
      39      58      40      47      39      45      34      36      45      37
      42      51      36      39      40      42      40      26      53      42
      38      37      33      38      43      45      36      50      38      50
      36      42      39      47      45      42      43      40      39      38
      44      41      59      37      51      40      31      34      43      38
      57      45      36      61      33      45      42      36      37      48
      52      50      41      47      32      54      49      38      51      58
      41      41      30      27      39      44      48      49      45      42
      51      35      36      43      42      49      52      53      35      48
      57      44      47      44      52      40      48      41      44      47
      51      34      40      49      49      66      44      51      54      59
      61      53      60      71      71      63      57      68      67      62
      60      64      80      87      56      76      70      76      73      61
      71      73      88      80      92      97      88      80     104      86
      97     101     103     131     109     117     151     146     132     140
     146     153     157     157     180     180     173     173     189     227
     189     238     215     198     255     228     247     248     210     229
     287     268     246     263     282     276     287     285     278     290
     300     294     290     283     263     271     284     314     263     250
     272     255     256     269     261     231     230     227     228     226
     226     188     199     207     209     181     184     171     172     180
     159     143     123     124     152     116     117     147     130     119
      96     108      93     104      95      87      89      92      79      74
      89      85      72      69      77      70      53      68      62      54
      63      70      61      52      64      64      75      72      68      73
      83      72      91      85      97     111      94     115     114     117
     114     119     123     127     117     143     144     152     131     138
     155     133     146     128     134     118     130     138     145     126
     129     131     122     103      91      94      96     104      70      70
      77      58      54      62      53      52      40   20155
