$Informacoes da Fluorescencia de Raios-X:
"Sample    : yf3_34689_16p",                                                              
"Operator  : ",                                                                           
"Comment  : micromater yf3 49.5ug/cm2",                                                   
"Group     : kerr2007ab13liv300al",                                                       
"Date       : 2018-04-02 16:14:58",                                                       
"",                                                                                       
"Mesurement Condition",                                                                   
"------------------------------------------------------------------------------------",   
"Instrument : 700HS2   Atmosphere : Vac.   Collimator : 10(mm)   Spin : No",              
"------------------------------------------------------------------------------------",   
"Analyte               TG kV   uA      FI Acq.(keV)  Anal.(keV)  Time(sec)     DT(%)",    
"------------------------------------------------------------------------------------",   
"Na                    Rh 50  496-Auto Al  0 - 20    0.8 - 1.2   Live -  180   20",       
"Channel_info_start",                                                                     
"Channel : Na",                                                                           
"Points : 2048
"Range : 0.000000 - 20.480000",                                                           
"Step : 0.010000",                                                                        
"Channel_info_end",                                                                       
$DATA:
       0    2047
       0       0       0       0       0       0       0       0       0    2048
       0       0       0       0       0       0       0       0       0       0
       0       0       0       0       0       0       0       0       0       0
       0       0       0       0       0       0       0       1       0       2
      31      56      54      50      44      45      43      45      50      41
      52      31      48      40      50      42      38      47      62      34
      51      52      48      44      43      54      53      53      61      69
      49      56      53      54      60      64      57      53      43      49
      51      54      54      66      63      47      56      47      57      63
      51      47      45      60      50      48      62      42      41      43
      46      43      50      37      44      38      49      34      37      28
      45      34      45      32      44      46      36      39      44      38
      49      62      49      37      34      52      43      64      51      63
      63      70      61      51      52      52      57      50      51      36
      36      36      52      51      53      58      56      63      51      54
      57      73      67      86      78      90     102     152     146     225
     231     285     308     372     425     413     400     380     359     369
     346     285     264     285     263     254     236     261     263     301
     276     352     309     347     286     362     314     320     325     312
     316     371     325     408     508     627     728     996    1197    1586
    1697    2163    2183    2457    2400    2518    2429    2496    2157    2307
    1993    1927    1649    1548    1359    1190    1018     951     716     603
     482     429     360     342     214     209     179     130     107      85
      87      71      42      54      53      50      55      39      39      49
      44      52      46      54      56      42      51      65      51      55
      51      49      32      38      38      38      23      34      28      28
      24      21      15      23      28      20      30      25      21      25
      17      19      31      28      24      34      26      25      24      37
      30      32      20      25      24      19      25      26      22      18
      25      24      33      34      28      19      33      26      29      24
      18      32      26      17      28      26      29      20      26      23
      41      26      23      26      18      27      24      26      21      23
      18      30      15      17      14      15      29      28      34      32
      27      24      19      30      24      32      23      22      27      23
      28      31      20      28      31      36      30      31      20      24
      27      29      18      31      26      33      31      21      31      24
      29      30      37      37      44      60      78     110     130     154
     202     282     342     423     536     706     837    1049    1089    1205
    1225    1293    1269    1226    1137    1032     882     749     663     499
     399     321     209     197     140     105      79      69      73      70
      56      72      70      64      83     118     111     107     152     124
     173     163     180     188     182     172     160     183     183     146
     119     126     111      78      72      73      72      50      48      46
      55      44      40      47      39      39      38      51      44      52
      49      54      48      48      58      61      58      54      56      56
      67      54      52      65      60      88      87      68      78      75
      72      97      73      80      74      81      67      89      79      80
      83      81      86      94      83      74      79      77      65      72
      67      63      78      62      64      68      47      73      74      75
      73      52      55      65      48      73      58      55      71      65
      61      56      50      67      73      55      49      49      49      51
      57      63      55      58      51      52      61      55      62      67
      67      63      67      62      69      70      70      66      57      57
      72      73      58      55      50      69      63      71      65      67
      71      54      65      72      55      64      67      71      73      69
      69      60      51      84      89      73      88      85      71      90
      76      72      60      85      73      83      84      72      80      76
      71      91      74      81      71      77      88      79      89      77
      74      89      83      89      80      76      87      75     103      87
      93      87      77      84      92      88      83     102      85     117
      90      87      97     100      76      85      84      98     103      93
      87      94      86      93     109     108     104     108     101     108
     101     100     113     115      91     114      95     115      95     119
     103      97     120      94     119     139     137     102     111     133
     104     113     119     130     107     113     132     137     104     148
     141     149     130     148     148     158     154     159     170     166
     187     167     202     187     191     226     183     237     188     203
     187     212     189     214     205     198     167     163     160     142
     149     131     114     146     115     147     127     148     126     139
     141     137     142     148     134     124     161     138     146     130
     122     137     130     133     128     131     139     164     158     142
     111     132     144     132     141     128     124     151     133     155
     163     137     146     160     142     131     132     123     123     148
     149     144     152     176     167     185     184     225     254     293
     317     352     458     495     640     748     933     986    1122    1339
    1531    1590    1627    1849    1879    1954    1902    1831    1804    1753
    1605    1560    1396    1288    1032     971     833     711     598     532
     427     396     302     267     240     223     202     191     171     169
     157     161     145     126     148     131     151     136     125     141
     154     126     143     164     134     158     140     142     144     150
     171     166     173     176     151     182     170     226     187     186
     199     208     194     218     254     261     263     298     248     334
     313     328     329     320     307     353     358     361     308     331
     337     293     309     309     354     315     342     344     346     384
     394     440     514     551     539     614     665     799     827     928
     970    1041    1031    1141    1099    1111    1026    1229    1060    1086
    1043     951     919     866     787     797     636     629     575     536
     508     503     402     413     398     435     382     381     392     400
     374     408     384     422     415     415     430     489     477     471
     456     492     445     455     418     379     411     394     329     310
     291     279     258     277     238     219     211     183     173     173
     167     161     145     174     140     152     172     150     143     136
     132     138     138     124     112     124     117     131     130     126
     107     144     135     142     154     180     148     152     157     183
     142     194     188     206     187     192     211     189     182     180
     201     228     218     210     176     174     189     193     183     187
     172     174     185     160     171     172     175     159     174     161
     176     195     137     171     166     176     151     195     184     198
     194     181     180     226     208     236     242     254     287     264
     285     323     292     276     322     288     253     261     256     257
     245     213     235     207     186     185     182     181     167     168
     155     168     151     144     194     159     151     163     148     157
     160     172     182     198     189     194     185     183     161     171
     182     188     166     179     148     148     141     136     171     150
     168     157     134     155     113     138     128     155     123     118
     115     121     116     132     121     150     109     133     126     136
     113     131     132     131     118     139     118     130     113     131
     155     123     111     130     103     118     108     111     120     139
     120     113     121     114     110     130     102     109     116     132
     124     115     119     111     115     131     121     118     137     144
     131     133     122     155     122     149     126     113     137     109
     139     134     122     132     138     136     135     149     163     172
     173     182     194     201     237     214     252     267     280     312
     326     349     354     376     366     399     415     385     424     397
     397     427     375     382     379     349     332     315     335     296
     235     217     225     217     184     175     160     121     124     152
     121     133     123     131     122     123     130     130     116     140
     127     114     110     113     105     120     118     122     131     103
     109     115      79     114     111     114     111     126     121     118
     114     131     119     107     124     111     114     133     125     131
     100     110     128     111     127     116     115     126     103     105
     108     120     119     118     107     113     100     109     102     104
     101     117     132     126     100     114     102     109     112     109
     115      94     109     112     111     102     105     125      99     120
      97     112     112     122     124     109     122     124     100     121
     111     123     132     112     147     138     148     130     125     140
     125     144     142     147     143     144     151     162     143     139
     159     138     138     142     126     137     142     137     138     130
      98     122     121     110     119      97     100     107      98      98
     120      98     107     101     109      94      89     103      87     107
      97      93      98     107     115      98      98      95     114     114
     112      92     104     114     112     100     103      93     105     114
      94     101     118     102     113     120     114     111     115      92
      98     109     104     111     112     110     105     120     110      99
     102     116     105     112      96      87      98     109     111     108
      97      96     112     101      92      85     114     105      99     103
      95      98      92      95      91     110      89     120      95     109
      94     107      96     109      97     101      85     105      93     114
      83     119     102      95      91     113      95     102      89      91
      91      95      95      94     101     104      99      99      97      94
      93     110      96     115     116     107      88     101     104     108
     114      94      95      96     111     107     100     104     104     107
      97      90      90     107     112     123      96     121     105     111
     109     109      99     108      95     121      90     102     125     116
     122      97     117     104     115     117     124     138     120     105
     117     131     118      99     105     125     109     122     118     110
     141     111     126     118     102     135     137     139     130     148
     158     161     147     184     173     183     193     212     289     284
     332     422     528     601     706     890    1064    1368    1513    1970
    2346    2889    3198    3832    4414    5208    5745    6970    7597    8815
    9280   10370   11606   12493   12854   13811   14815   15876   15671   16535
   17121   17815   16913   16786   18191   17358   15936   15937   15308   14841
   13284   12778   12073   11162    9673    8805    8237    7448    6242    5638
    4918    4254    3447    3016    2480    2133    1662    1368    1135     953
     756     642     522     447     334     252     251     205     207     182
     149     132     118     147     111     126     112     118     108     105
     125     108     101      93     105      91      77     109     108     105
      92     101     103      87      94     100     100      99      78      94
      86      92     102     108      98      96      81     110      93     107
     102     111      95      84      90      91      93      94      97     105
     114      94      89     111      88     101     113     112      86      90
     107      96      94      97      99     117      92     104      87     109
     113      98      96      98      87      94     101     131      81      90
     104     111      90      89     108     108      89      94     107     114
     105      99     105     110      96     117     100     130     117     130
      99     121     115     121     100     132     139     109     128     149
     148     163     178     176     176     205     234     286     290     343
     397     474     554     591     682     805     822    1041    1134    1263
    1341    1553    1831    1892    1944    2188    2261    2382    2347    2706
    2657    2809    2683    2792    2796    2825    2607    2614    2673    2592
    2309    2355    2317    2174    1921    1739    1747    1661    1392    1364
    1286    1151    1086     966     912     831     728     750     669     741
     608     610     559     545     515     536     472     470     416     430
     390     359     324     287     299     248     225     235     214     179
     169     137     142     136     115     114     112     110      71     102
      97      77      88      71      72      79      54      80      67      74
      60      71      62      86      56      70      61      58      76      50
      71      71      61      69      75      71      58      64      70      60
      78      54      61      73      58      52      63      69      76      66
      77      81      64      63      81      83      63      54      69      63
      72      63      76      64      60      79      57      66      71      69
      65      79      66      66      71      66      55      86      72      67
      85      66      72      69      64      75      72      80      63      77
      81      71      68      83      76      80      68      78      67      70
      57      94      65      77      91      74      89      87      56      78
      79      91      76      75      90      81      90      55      60      79
      72      71      84     105     104      86     104      89      74      96
      76      93      79     102     114     110      78     113      92      94
     100     101     110     111     130     121     130     128     117     130
     123     132     141     140     150     128     130     146     178     172
     184     165     185     198     206     176     196     206     215     226
     218     245     236     274     277     321     295     323     347     323
     292     327     356     358     376     346     402     400     378     391
     448     461     404     441     446     505     442     458     442     449
     424     426     445     467     471     439     446     485     410     430
     369     443     377     378     445     387     327     367     344     364
     346     342     331     312     291     304     312     267     235     272
     248     232     239     218     235     225     201     212     191     196
     164     149     168     154     138     141     150     126     111     123
     132     125      99     104     112     116      95      93     105     113
     100     100      93      99      89     113      91      94     118     100
     100     117     108     128     138     158     134     146     183     149
     150     146     156     179     179     189     212     250     184     225
     231     234     201     227     222     228     215     212     221     195
     179     212     197     191     186     160     164     162     146     116
     136     124     109      94      97     109     100   35811
