$Informacoes da Fluorescencia de Raios-X:
"Sample    : ge_34684_16p",                                                               
"Operator  : ",                                                                           
"Comment  : micromater ge 52.6ug/cm2",                                                    
"Group     : kerr2007ab13liv300al",                                                       
"Date       : 2018-04-02 15:53:20",                                                       
"",                                                                                       
"Mesurement Condition",                                                                   
"------------------------------------------------------------------------------------",   
"Instrument : 700HS2   Atmosphere : Vac.   Collimator : 10(mm)   Spin : No",              
"------------------------------------------------------------------------------------",   
"Analyte               TG kV   uA      FI Acq.(keV)  Anal.(keV)  Time(sec)     DT(%)",    
"------------------------------------------------------------------------------------",   
"Na                    Rh 50  296-Auto Al  0 - 20    0.8 - 1.2   Live -  180   21",       
"Channel_info_start",                                                                     
"Channel : Na",                                                                           
"Points : 2048
"Range : 0.000000 - 20.480000",                                                           
"Step : 0.010000",                                                                        
"Channel_info_end",                                                                       
$DATA:
       0    2047
       0       0       0       0       0       0       0       0       0    2048
       0       0       0       0       0       0       0       0       0       0
       0       0       0       0       0       0       0       0       0       0
       0       0       0       0       0       0       0       0       1       0
      23      28      22      28      25      35      29      32      25      20
      25      16      17      30      29      26      12      23      21      21
      14      29      21      24      22      17      15      21      19      17
      15      16      22      20      13      19      22      11      33      18
      18      25      22      14      15      13      20      16      17      17
      10      15      13      29      13      15      13      21      12      18
      19      17      21      22      18      23      22      35      41      53
      42      61      58      78      60      95      96      78      95     112
     123     149     184     266     392     542     663     819     921    1045
    1095    1284    1193    1091    1009     922     686     730     478     444
     315     271     202     151      96      99      80      67      41      42
      35      42      36      23      26      24      30      25      18      17
      17      11      28      14      16      18      26      11      20      15
       8      13      20       7      18      15      12       7      11      15
      22      13      16      14      10      25      21      18      14      16
      17      18      12      15      16      20      18      28      14      19
      19      19      31      33      28      32      54      58      48      68
      70      72      58      60      80      63      60      40      28      26
      31      16      21      18      13      19      18      14       7      14
      21      17       7      13      13      13      16      16      16      10
      11       8      14      11      14      18      13      12      10      10
      14      17       7      14       7       7      11      14       7      13
       7      14      12      11      12       4      14      12      16      11
      12      11       8      13      13       8      17      16      14      16
      10      13      13      19      14      17      11      16      21      15
      16      12      20      18      11      10      14      13      15      13
      14      18      15      20      13      15       7       5      14      16
      10      17       8      13      21      13      14      15       6      15
      15      12      12      10      13      18      12       6      14      12
      19      23      19      13      14      14      14      10      18      13
      18      14      17      13      17       7      11      23      17      13
      13      20      18      12      21      16      17      15      17      16
      11      16      20      29      28      45      39      55      59      96
     113     151     212     251     304     406     450     557     618     759
     691     733     757     777     626     672     541     483     375     306
     211     187     128      90      62      56      44      48      50      40
      40      37      37      49      49      65      78      73      69      91
      92     120     114     102      99     106      98     115      93      75
      78      54      78      60      39      52      32      34      32      41
      31      29      33      35      25      26      18      29      38      38
      42      29      26      49      41      29      35      34      31      41
      42      41      32      51      41      30      36      55      54      50
      50      53      51      52      51      57      44      58      58      48
      44      41      52      62      45      57      43      44      39      34
      42      49      53      35      50      39      34      56      39      41
      34      49      36      51      36      41      33      30      41      31
      36      30      39      51      33      29      32      39      31      52
      37      42      34      37      37      49      33      37      34      39
      29      35      34      39      33      42      41      44      31      37
      40      39      35      34      37      35      30      38      30      37
      35      36      32      45      32      47      37      48      42      44
      32      41      51      49      54      44      33      40      44      50
      41      52      34      44      41      53      40      44      35      44
      40      48      39      49      49      48      52      52      50      56
      39      55      43      41      41      41      38      44      55      49
      55      54      55      51      50      55      50      71      53      45
      62      54      54      70      61      58      52      58      53      55
      61      65      62      56      42      70      47      59      63      79
      72      78      71      66      59      69      58      78      70      56
      67      87      78      72      76      84      62      73      67      88
      89      83      87      81      70      81      94      86      85      93
      96     101     101     105      86      95      96     108     106     108
      93      83      78      86      86      90      72      98      69      94
      69      84      81      83      88      79      78      71      81      88
      79      77      99      87      86      85      94      86      89      81
      90      89      77      81      61     102      89      73      93      91
      96      87      89      94      93      83      90      71      96      99
      95      75      69      84      94     104      91      99      63      99
      80      78      71      93      83      83      87      90      74      84
      80      84      88      83      92      77      91      78      77      77
      74      94      88      86      62      65      85      85      94      94
      77      86      83      99     107     111     104     104     108     114
      95      97     105     109     125      77      93      97     117     105
      89     103      76      81      69     106      78      79      92      81
      60      75      90      89      73     103      86      88      76      89
     101      90      95      90      93     101      96      98     105      97
     120      86      83     112     102     123     113     124     108     176
     121     162     158     148     167     177     167     188     221     188
     195     222     188     176     182     180     172     170     150     153
     152     162     122     148     139     121     111      95      88     105
     116     134     113     109     102     104     103     110      84      87
      94     104      84      77      85     105      95      88      98     103
      83      99      97     110      99     113      99     111     124     119
     121     134     110     129     153     174     138     119     151     148
     128     158     121     156     131     116     126     131     108     117
     109     122      87      87      89      94      91     105      85      96
      87      97      85      94      97      95      95     115     106      95
      93      86      83      90      86     108      83      90     104      93
      96      95      79     106      76     106      97      79      90     102
     102      90      97      96      96      92      99     102      99      83
     101     109      86     111      93      93     105      98     105     106
     123     117     107     129     121     127     113     145     150     145
     148     133     143     164     147     149     176     180     177     204
     201     204     198     224     261     261     303     394     488     607
     740    1049    1261    1794    2164    2959    3745    5059    5917    7639
    9075   11501   12894   15646   18311   21373   22555   25551   28519   30643
   31439   33328   35825   35832   34492   35098   33687   33315   29969   28797
   26436   24439   20859   18892   16491   14161   11362    9918    7959    6797
    4983    4223    3178    2514    1820    1441    1059     785     557     470
     381     297     189     219     186     197     150     148     142     142
     123     132     111     129     126     123     109     133     131     125
     115     113      94     124     119     129     125     119     112     110
      99     132     105     123     105     131     121     120     117     154
     142     140     138     149     138     157     147     144     152     178
     145     157     179     177     150     182     171     219     226     270
     263     278     342     369     503     563     643     807     909    1076
    1268    1543    1731    2089    2335    2754    3059    3369    3466    3914
    4203    4657    4504    4962    4871    5220    4874    4879    4595    4538
    4051    4021    3663    3356    2991    2672    2330    2136    1670    1514
    1335    1109     895     753     645     516     404     362     276     261
     199     176     175     120     101     105      85      95      78      85
      89      75      68      72      81      79      51      62      59      70
      47      72      73      56      55      56      70      62      75      70
      80      61      52      67      54      72      50      59      68      56
      59      81      60      66      56      62      72      65      62      60
      66      57      60      67      42      51      57      62      69      76
      56      59      66      68      61      66      54      67      55      62
      65      57      51      63      56      61      57      62      49      56
      67      81      50      44      56      71      44      68      53      72
      63      62      58      57      63      61      51      67      60      50
      54      65      48      67      56      74      69      79      51      61
      54      53      38      67      75      55      53      68      67      60
      53      77      66      52      57      49      61      59      53      49
      55      56      51      67      62      57      65      50      66      77
      61      60      78      60      58      56      56      55      57      52
      59      52      53      68      71      52      36      56      50      62
      62      45      52      65      57      69      43      45      57      55
      39      55      54      58      63      77      54      73      55      53
      70      58      55      61      65      58      42      65      68      56
      62      76      53      60      66      63      56      59      57      63
      67      60      44      53      59      63      52      53      42      47
      45      62      53      66      47      57      56      52      45      56
      60      60      51      54      50      69      47      51      53      80
      77      55      55      45      55      55      56      52      51      57
      37      49      70      51      59      55      56      67      56      58
      54      67      57      59      51      60      65      45      43      47
      56      49      52      51      52      63      57      55      41      48
      37      54      49      67      51      45      52      57      45      61
      50      44      45      68      41      43      59      54      57      47
      56      54      55      49      61      43      55      41      62      72
      42      60      54      51      38      62      49      50      51      54
      47      50      54      54      55      47      49      49      53      53
      51      41      54      55      44      50      51      47      38      44
      56      54      59      51      60      58      59      54      50      44
      49      40      57      44      43      56      38      60      44      48
      40      60      50      48      41      45      41      34      48      45
      53      51      57      45      42      44      68      60      50      51
      57      39      50      49      41      39      40      42      40      57
      43      47      40      52      44      45      39      47      51      43
      43      54      42      48      55      42      38      54      58      37
      45      43      30      53      47      37      53      52      45      60
      43      48      38      44      47      58      26      44      40      54
      42      54      52      55      42      38      36      52      35      53
      41      42      41      42      54      33      34      50      62      54
      43      41      55      48      48      58      48      43      41      43
      50      56      42      54      59      34      51      40      35      32
      50      45      43      47      44      50      39      48      55      38
      40      55      52      40      42      57      50      44      37      37
      41      40      47      45      61      42      41      38      33      50
      43      68      37      43      45      52      50      47      45      48
      47      44      42      31      47      59      34      36      39      33
      38      51      35      43      45      29      42      41      39      36
      45      47      41      35      39      30      48      44      44      33
      40      31      32      49      44      51      39      56      39      53
      42      41      41      39      34      55      42      52      47      45
      31      45      38      39      43      54      45      37      33      55
      51      33      36      39      33      49      38      38      44      41
      40      45      38      36      40      31      49      31      35      50
      41      51      33      48      41      39      54      31      38      57
      47      47      31      40      44      58      34      36      40      36
      49      44      33      34      35      44      33      33      41      39
      37      36      37      44      42      49      35      36      55      44
      41      33      37      39      41      36      32      56      44      32
      48      45      45      34      38      30      44      50      40      25
      41      35      38      35      43      29      42      37      53      34
      38      33      36      37      41      40      32      51      32      54
      51      43      58      41      37      42      34      40      26      59
      47      36      33      45      41      45      41      49      50      48
      41      45      52      49      38      43      39      40      38      47
      47      37      41      37      42      39      44      40      50      43
      55      48      57      54      50      55      47      49      54      50
      42      40      37      52      39      38      40      40      54      59
      56      44      47      55      47      42      60      60      61      50
      49      65      60      67      51      77      57      59      56      60
      56      66      80      75      62      55      66      84      60      88
      99      70      85     104      80      94      81      75      83     115
      81      94     120     103     124     112     120     148     132     136
     143     126     146     161     150     178     170     193     175     202
     224     219     237     235     205     213     221     254     233     243
     297     288     231     252     265     283     274     279     254     278
     278     260     293     290     258     278     254     276     241     257
     270     269     234     253     240     238     254     218     226     213
     186     201     223     187     184     184     175     152     161     160
     154     154     146     146     153     157     132     142     161     157
     157     131     129     143     150     140     125     139     140     160
     142     136     147     144     158     165     132     139     126     131
     123     121     120     140     120     112     135      99     141      97
     134     123     109     127     116     111     121     111     123     129
     114     135     112     117     117     120     157     145     125     146
     140     164     140     161     153     145     144     129     129     132
     131     148     131     133     103      91     101     101      85      90
      84      69      66      71      68      69      47   21256
