$Informacoes da Fluorescencia de Raios-X:
"Sample    : se_34685_16p",                                                               
"Operator  : ",                                                                           
"Comment  : micromater se 54.0ug/cm2",                                                    
"Group     : kerr2007ab13liv300al",                                                       
"Date       : 2018-04-02 15:57:38",                                                       
"",                                                                                       
"Mesurement Condition",                                                                   
"------------------------------------------------------------------------------------",   
"Instrument : 700HS2   Atmosphere : Vac.   Collimator : 10(mm)   Spin : No",              
"------------------------------------------------------------------------------------",   
"Analyte               TG kV   uA      FI Acq.(keV)  Anal.(keV)  Time(sec)     DT(%)",    
"------------------------------------------------------------------------------------",   
"Na                    Rh 50  296-Auto Al  0 - 20    0.8 - 1.2   Live -  180   21",       
"Channel_info_start",                                                                     
"Channel : Na",                                                                           
"Points : 2048
"Range : 0.000000 - 20.480000",                                                           
"Step : 0.010000",                                                                        
"Channel_info_end",                                                                       
$DATA:
       0    2047
       0       0       0       0       0       0       0       0       0    2048
       0       0       0       0       0       0       0       0       0       0
       0       0       0       0       0       0       0       0       0       0
       0       0       0       0       0       0       0       0       1       1
      19      37      38      40      37      31      32      42      29      45
      29      38      35      35      29      34      30      30      33      53
      24      34      28      25      35      24      30      21      25      31
      30      20      33      22      18      19      15      18      21      23
      20      16      25      12      13      16      12      19      15      18
      16      16      17      16       7      16      14      21      15      13
      19      16      18      16      16      17      16      18      13      17
      20      12      24      20      12      15      19      19      23      20
      18      30      29      38      34      45      49      78      85     117
      91     127     113     101     111     110     121     148     151     195
     232     320     414     658     773    1084    1306    1532    1653    1863
    1913    1927    1738    1864    1429    1361    1120     988     766     683
     480     400     293     251     170     123     107      89      92      56
      39      39      31      33      37      23      29      33      28      35
      30      27      16      14      17      20      16      15      19      16
      15      17      20      22      16      16      19      16      15      20
      27      21      20      37      20      42      38      46      47      58
      65      66      65      73      73      51      56      36      31      36
      29      20      23      22      27      19      23      22      15      15
      16      16      15      15      17      18      14      13      12      12
      12      16      10      12      18      17      15      10      12       6
      19      17      10      17      17      21      14       8      16      14
       7      11       7      20      13      17      15      13      15      18
      10      18      15      13      17      20      15      23      16      15
      29      15      10      13      19      13      14      17      11      16
      17      12      15      18      25      12      27      20      20      13
      13      11      21      13      13      16       6      19      14      11
      13      19       5      14      16      12      13      11      11      17
      13      15      12      10      12      15      16      16      12      14
      19      12      15      17      23      16      13       7      17      13
      21      17      15      14      10      14      15      11      10      18
      21      11      18      23      20      16      12      20      14      15
      19      18      17      31      17      40      36      53      70      76
     140     168     213     252     327     417     451     600     616     679
     740     781     742     734     685     625     531     493     382     318
     267     174     115     111      75      62      42      43      29      40
      45      53      53      48      51      64      60      73      65      85
      98     111     136      92     142     116     108     105      93      74
      73      92      54      51      54      36      28      34      43      31
      35      29      21      29      35      24      28      23      31      28
      34      30      27      33      31      29      30      46      35      43
      48      43      40      45      38      54      35      45      29      46
      50      52      47      46      46      54      47      64      45      47
      41      54      43      50      46      53      46      48      51      34
      35      39      42      43      40      24      48      27      43      35
      46      48      45      42      45      40      37      35      40      39
      38      34      42      35      38      28      40      24      31      36
      34      40      43      33      34      38      43      37      36      32
      35      52      52      48      35      53      46      38      29      48
      38      38      35      40      38      36      37      49      30      47
      41      47      34      42      47      54      40      49      40      48
      39      50      42      50      45      56      38      63      41      39
      53      47      35      38      51      47      60      57      40      40
      50      39      35      49      42      39      46      60      45      57
      35      55      45      47      38      63      52      56      40      51
      63      53      47      47      47      56      46      60      63      62
      55      51      53      55      52      54      50      56      63      60
      53      64      56      51      49      55      56      54      42      69
      65      71      51      71      69      59      71      55      62      68
      64      71      75      74      73      72      69      57      74      80
      76      76      73      57      68      69      77     101      84     106
      77      90      74      86      78      89      98      94      83     101
      93      72      91      85      98      81      75      70      93      82
      85      82      90      95      82      82      66      87      75      80
      75      95      94      91      68      83      86      84      82      83
      94      82      87      76      73      99      68      88      80      84
      82     100     101      90      87      91      99      98      80      86
      81      81      85      88     111      82      81      88      91      95
      83      81      87      70      77      74      89      84      84      75
      81      87      75      82      88      81      80      90      81      78
      86      80      98      90      78      74      81      74      84      75
      74     103      81      83      72      77      93      93     104     115
      88     110      97      81      93     110      90     102      80     104
      85      93      77      93     108      91      76      93      85      97
      75      84     101      69      91      84      97      88      72      82
     103      98      86      99     103      86      87      99      84     102
     102     124     102     101     104     101     106     110     124     121
     120     119     121     130     138     142     152     151     148     189
     161     159     136     157     130     138     143     124     124     130
     118      99      94     104      98      90      91      88      87      84
      93      82      71      83      83      82      90      95      92      81
      84      85      77      91      84      87      90      88      80      91
      89      83     100      88     105      95     105      78     104     111
     109     121     123     143     137     125     143     148     135     135
     122     163     151     128     115     129     126     129     117     118
     117      87      98     102      86      98      74     110      99     101
     103      98      81      89      76      91      97      90      93      84
      85      91      84      87      87      82     104      86      81      85
      81     106      91      71      90      85      82      93      77      71
      97     104      90      70      84      70      78     101      89      78
      87      90      68      87      88      90      88      75      82      89
     105     100      69     103      95     119     115     121      97     105
     119     111     103     139     106     106      85     116      87     112
     105      92      93      80      98      87      93      82      75     101
      74      90      65      83      84      89      66      81      81      81
      75      91      77      88      72      87      72      89      76      93
      69      91      77      67      85      84      80      72      84      88
      82      74      73      77      97      72      81      87      84      89
      60      80      76      82      97      93      86      94      81      94
      92      67      94      92      71      85      74      86     100      89
      73      86      87      78      76     104      90      78      99      86
      98      95     104      97      92      90      90     101      84     101
      87      89      76      81      82     113     103     101      92     102
     118      97     111     103      95     113     100     103     103     122
     107     123     120     117      88     121     120     125     126     144
     122     142     152     137     141     145     142     139     137     165
     141     150     163     194     170     196     230     226     276     348
     441     523     689     884    1057    1438    1754    2302    2959    3812
    4414    5713    6850    8693    9797   11852   13566   15857   17391   19837
   22160   24665   25588   27857   28888   30786   30620   31832   31747   31827
   29926   29462   28059   27133   24209   23301   20884   19032   16006   14335
   12383   10899    8774    7550    6156    4954    3890    3282    2513    2000
    1541    1240     893     721     543     451     320     305     239     197
     174     147     144     129     134     130     125     130     133     124
     115      95      94      95      97     117     124     120     100     124
     101     111      90     108     115     111      94     106     121     110
     122     103      94     115     111     124     113     117     101     121
     108     103     105     101     116      99     143     108     112      99
      84     124     144     123     112     124     128     140     108     146
     140     157     125     152     143     172     205     191     215     205
     227     225     255     333     378     478     533     621     693     879
     973    1273    1325    1611    1875    2197    2277    2626    3103    3417
    3483    3777    4042    4345    4369    4479    4592    4801    4502    4473
    4361    4423    3976    3903    3617    3542    3082    2781    2592    2361
    2095    1782    1678    1387    1206    1091     962     819     632     585
     525     420     339     306     265     245     191     183     168     139
     139     118     118     117      83      80      70      87      78      67
      74      68      51      58      54      60      51      63      70      41
      49      67      60      50      60      59      64      58      54      68
      55      45      64      51      73      66      66      59      48      66
      67      56      59      50      48      50      48      50      63      55
      65      56      67      77      42      70      63      72      47      63
      56      69      57      52      71      66      54      57      51      59
      39      54      66      58      54      62      52      48      65      56
      53      45      69      50      60      59      51      49      43      57
      52      64      59      65      54      59      50      63      35      47
      48      63      50      72      67      48      57      45      55      48
      56      66      60      56      49      60      65      48      50      66
      42      49      59      45      48      50      48      62      55      59
      55      63      63      58      57      50      47      73      48      54
      54      41      51      55      64      50      55      50      46      53
      49      53      34      49      53      43      49      67      50      45
      48      58      50      58      40      55      55      54      69      52
      38      58      45      48      54      46      63      48      51      62
      46      47      58      58      57      57      55      45      43      67
      40      47      56      46      38      50      51      47      42      47
      42      50      34      57      39      57      57      46      64      40
      56      55      48      56      58      48      43      62      56      54
      49      59      46      40      49      50      36      42      49      47
      51      52      49      55      46      47      55      47      50      60
      50      45      53      48      46      37      57      40      51      52
      40      41      48      36      49      43      32      52      53      42
      46      57      39      55      62      43      41      52      46      38
      47      50      41      51      48      46      57      48      49      50
      45      47      49      40      35      46      42      42      29      40
      64      66      40      37      50      59      37      32      46      37
      47      38      43      49      48      47      49      45      42      53
      48      53      49      45      45      45      36      38      42      42
      42      54      39      53      41      43      60      47      45      45
      42      46      48      42      43      54      36      41      47      48
      38      43      46      38      37      34      42      34      34      43
      38      42      43      41      49      56      54      45      40      37
      46      46      37      42      39      32      31      47      51      35
      48      48      51      55      39      46      52      41      27      41
      48      43      38      51      32      54      59      43      47      40
      39      46      39      34      43      38      56      46      35      50
      51      49      43      30      50      46      43      41      36      41
      46      39      42      40      43      48      36      56      46      43
      46      42      54      40      40      42      46      37      30      40
      36      33      39      48      45      54      48      38      34      37
      42      41      42      49      41      36      47      38      38      33
      45      47      37      34      38      43      40      35      48      34
      35      30      43      40      37      43      47      32      42      41
      45      37      37      49      47      33      37      48      49      49
      36      34      33      48      43      46      39      39      34      37
      37      42      49      29      48      48      42      40      46      50
      29      43      41      39      45      49      45      46      49      42
      51      39      35      49      48      42      25      41      45      43
      36      46      47      49      40      41      49      46      45      43
      43      38      48      49      51      54      45      41      45      41
      43      45      41      53      39      53      51      54      50      52
      48      57      38      71      43      64      45      47      53      47
      51      42      68      54      42      59      64      59      50      64
      62      63      68      46      62      50      64      64      67      58
      58      64      77      54      60      67      62      77      80      98
      84      82      77      78      93      91     105      83      89     100
     107     106     129     125      99     129     137     137     145     143
     136     156     165     163     177     153     171     177     189     206
     181     202     214     236     214     215     249     232     216     278
     284     320     298     241     241     294     263     278     284     288
     260     281     251     268     288     229     286     293     259     261
     278     263     244     270     240     248     226     234     250     182
     222     196     216     222     189     189     158     162     167     153
     161     159     155     132     160     113     134     104     130     102
     105     111     120      81      87      74     100      72      83      83
      62      76      62      49      66      71      70      51      57      56
      65      63      59      62      65      64      62      71      67      78
      73      75      70      81      88      83      91      94      89     112
     126     142     137     142     122     113     156     144     126     147
     155     143     122     130     161     162     155     167     120     146
     145     127     134     140     109     111     109     102      86      87
      82      80      77      62      67      70      49   23611
