$Informacoes da Fluorescencia de Raios-X:
"Sample    : rbi_34687_16p",                                                              
"Operator  : ",                                                                           
"Comment  : micromater rbi 52.0ug/cm2",                                                   
"Group     : kerr2007ab13liv300al",                                                       
"Date       : 2018-04-02 16:06:08",                                                       
"",                                                                                       
"Mesurement Condition",                                                                   
"------------------------------------------------------------------------------------",   
"Instrument : 700HS2   Atmosphere : Vac.   Collimator : 10(mm)   Spin : No",              
"------------------------------------------------------------------------------------",   
"Analyte               TG kV   uA      FI Acq.(keV)  Anal.(keV)  Time(sec)     DT(%)",    
"------------------------------------------------------------------------------------",   
"Na                    Rh 50  496-Auto Al  0 - 20    0.8 - 1.2   Live -  179   20",       
"Channel_info_start",                                                                     
"Channel : Na",                                                                           
"Points : 2048
"Range : 0.000000 - 20.480000",                                                           
"Step : 0.010000",                                                                        
"Channel_info_end",                                                                       
$DATA:
       0    2047
       0       0       0       0       0       0       0       0       0    2048
       0       0       0       0       0       0       0       0       0       0
       0       0       0       0       0       0       0       0       0       0
       0       0       0       0       0       0       0       0       1       3
      18      36      40      41      45      46      42      40      47      54
      44      45      48      45      33      32      37      51      35      63
      37      48      40      53      56      47      45      57      39      47
      40      46      54      52      57      27      52      48      41      32
      39      55      33      39      40      40      47      39      37      29
      34      39      36      29      35      28      37      37      40      48
      44      28      31      41      33      39      23      37      42      45
      40      42      27      38      19      40      35      29      29      42
      31      38      35      31      30      29      32      32      42      44
      31      48      29      32      33      38      40      40      33      41
      39      33      31      41      48      48      34      37      31      55
      39      44      44      62      54      64      55      79      71      74
      91      90      77      84      88      91      89      88      73      94
     115     135     180     265     315     476     585     795     910    1025
    1087    1217    1143    1201    1118    1118     995     895     769     736
     554     533     411     357     280     238     182     186     149     117
     115     107      77     110      88     113     109     142     125     125
     141     123     166     149     139     137     125     104      92      88
      86      90      75      89      67      84      93     103     101      86
      97     121     107     107      90      94      85      73      63      61
      45      41      50      61      34      48      48      49      48      39
      42      38      49      61      73      68      73      74      68      71
      59      57      74      57      68      83      82      65      55      53
      53      53      67      51      34      57      52      50      46      62
      47      46      53      51      54      50      62      42      51      52
      52      54      40      40      52      46      49      40      40      45
      45      40      40      32      35      44      32      45      40      54
      46      42      39      51      46      59      42      48      47      56
      41      52      34      52      42      48      31      35      55      45
      39      61      52      53      53      56      63      61      53      67
      66      71      71      79      52      75      61      81      71      96
      97     111     171     151     206     228     236     306     312     355
     340     384     362     332     345     334     297     295     281     337
     313     400     433     552     643     779     889    1046    1091    1239
    1297    1398    1311    1498    1288    1193    1104    1029     843     769
     748     737     640     824     918    1265    1437    2033    2633    3402
    3823    4788    5469    6331    6447    7232    7278    7537    6800    6882
    5754    5486    4497    3795    2952    2526    1891    1444    1094     916
     689     617     645     722     825    1150    1392    1684    2075    2656
    2894    3619    3791    4250    4572    4870    4681    4818    4561    4370
    3886    3916    3237    3173    2684    2352    2020    1782    1489    1392
    1077     916     806     687     731     730     655     831     851     945
    1003    1126    1149    1175    1107    1207    1135     996     902     894
     748     679     505     480     399     359     265     256     210     185
     166     203     210     289     265     337     343     430     485     505
     584     592     618     600     602     599     537     540     493     434
     367     337     255     247     195     166     174     168     161     209
     203     211     229     313     330     406     358     374     367     378
     347     407     334     304     307     265     237     221     185     179
     157     148     109     105     119     108     105     106      80      87
      59      88      70      67      48      69      62      72      59      55
      69      50      72      67      79      61      64      74      64      62
      63      69      48      63      59      61      59      62      69      62
      48      72      50      76      59      52      62      69      73      64
      66      61      75      68      64      59      79      80      86      73
      79      73      64      88      73      75      72      70      65      81
      58      86      87      80      76      64      70      92      82      72
     105      92      90      77      91     103      98      83      96     107
      94     123      99     110     117      94     139     106     136     128
     133     149     145     140     145     160     132     152     161     179
     150     158     177     176     142     179     160     184     172     191
     183     206     173     192     201     204     180     208     182     201
     179     219     209     197     210     215     153     194     190     185
     187     177     168     174     179     201     171     186     182     165
     163     176     175     174     150     154     159     173     162     178
     161     161     171     182     165     163     140     144     131     165
     137     126     155     142     159     144     146     135     120     118
     114     128     133     146     161     134     121     137     124     126
     103     132     104     122     121     133     128     115     115     139
     132     100     100     134     119     114     124     121     136     117
     115     130     107     135     125     115     132     142     117     136
     115     103      90     110     125     130     140     130     118     154
     121     110     122     128     125     132     125     122     127     125
     119     134     118     131     108     135     120     119     120     135
     132     135     120     120     120     133     127     140     130     148
     114     154     133     139     155     131     148     151     161     182
     142     149     140     178     154     171     158     166     168     188
     210     219     213     201     205     207     207     222     221     220
     207     237     219     192     208     200     211     201     167     178
     176     173     149     162     172     168     141     156     163     152
     206     155     163     159     167     167     137     172     142     183
     157     170     161     169     140     185     176     168     177     188
     173     182     193     214     182     205     191     222     194     210
     224     225     209     253     235     261     246     245     269     288
     257     262     234     242     225     248     265     237     206     190
     197     177     170     202     183     172     166     143     159     165
     170     151     188     166     149     170     184     183     174     161
     165     162     157     169     144     136     139     130     149     151
     149     130     137     158     152     141     134     158     146     148
     150     151     151     124     139     143     155     146     118     143
     124     142     133     136     126     120     131     143     110     138
     121     133     122     131     138     139     133     131     139     159
     122     144     131     131     128     131     154     126     142     127
     134     126     137     125     120     130     148     152     128     126
     127     124     136     109     102     127     136     135     134     121
     116     135     128     131     136     126     117      97     130     130
     120     125     109     130     110     121     126     133     119     113
     134     125     107     132     134     137     142     119     127     124
     123     127     109     133     127     110     114     123     107     135
     128     128     103     153     121     141     130     155     130     128
     123     143     134     138     126     140     125     143     153     137
     127     139     111     136     128     148     130     150     152     148
     117     122     123     124     135     156     128     152     148     141
     155     126     127     126     145     121     123     136     158     145
     133     142     132     133     150     130     134     143     134     146
     150     160     143     144     133     134     146     144     142     140
     126     150     122     155     124     138     144     126     146     142
     132     134     126     154     133     145     124     125     146     125
     153     145     126     118     124     156     141     124     122     109
     139     137     107     132     128     126     121     117     134     137
     126     123     151     133     117     134     137     130     131     119
     119     125     123     154     122     135     100     118     121     120
     134     135     127     135     117     126     110     116     128     123
     132     125     128     131      98     124     128     131     139     131
     101     106     113     134     122     128     123     139     115     126
     133     105     125     118     119     121      92     116     107     125
     116     135     126     121     104     110     122     139     104     119
     119     122     125     128      93     113     116     109     101     128
     113     101     107     122     117     117     111     116     131     110
      99     115     111     108     117     121     120     104     117     101
     105     110     104      99     119     109     134      93     131     109
     125     130     113     115     120     128     104     138     138     113
     123     128     131     132     109     114     125     126      98     107
     113     127     132     118     111     118     101     132     132     135
     126     128     117     142      99     115     125     140     123     121
     118     132     116     134     110     139     123     138     132     167
     127     137     124     122     170     163     134     151     144     160
     140     159     134     166     149     150     138     174     156     189
     196     191     247     225     256     270     364     454     459     608
     788     935    1167    1381    1760    2123    2377    2863    3574    4213
    4688    5583    6314    7216    7708    8855    9972   11009   11413   12575
   13231   14389   14059   15119   15504   15630   14924   15044   15103   15104
   13567   13593   12755   12184   10706   10231    9121    8407    7383    6786
    5714    5057    4097    3729    3153    2645    1978    1703    1461    1215
     963     751     622     503     400     344     299     248     170     184
     177     138     152     152     132     122     120     130     132     115
     111     124     127     113     109     136     110     116      94      96
     116     130     102     115     109      93     109     137     105     111
     105     113     111      87     107     100     114     117     100     118
     120     122     102     133     120     128     105     100     109     122
     118      99     123     113     113     103     110     109     104     119
     108     103     109     120     133     111     119     106     108     126
     124     120     123     123     110     110     106     136     130     124
     118     127     140     120     128     138     123     131     146     143
     142     150     154     166     151     154     183     188     190     222
     280     342     321     392     393     500     547     654     745     831
     965    1097    1204    1363    1433    1564    1769    1982    1943    2075
    2214    2329    2353    2292    2568    2501    2395    2434    2398    2366
    2175    2155    2033    2023    1755    1666    1618    1465    1348    1176
    1163    1048     903     884     838     763     674     658     606     544
     468     467     403     422     334     341     351     321     273     287
     242     208     211     201     175     151     137     122     155     116
     104     120     104      94      99     101      99      87     113      85
     100      71      81      81      76      86      70      90      85      84
      85      73      65      55      67      85      81      86      66      89
      70     101      81      91      93      69      75      89      73      85
      86      59      71      80      75      76      96      83      70      81
      74      93      76      91      83      71      67      92      80      81
      84      71      88      73      86      82      70      89      88      79
      80      75      91      80      54      86      69      65      82      89
      66      73      77      85      71      70      75      77      72      64
      70      76      82      88      61      80      65      80      82      85
      76      56      66      57      79      67      85      65      87      76
      77      73      61      63      70      73      74      86      73      66
      79      92      77      83      73      64      59      73      90      89
      70      64      73      68      69      91      67      88      67      74
      84      57      87      82      72      70      88      80      77      70
      74      71      69      70      75      82      77      58      79      68
      74      62      88      69      65      72      71      73      65      55
      57      84      64      71     102      75      73      82      90      73
      67      79      81      77      84      76      84      85      82      84
      86      77      77      91      82      85      83      70      70      97
      93      73      89      83      82      75      90      84      80      92
      84      91      69      76      74      83      75      73      74      98
      85      93      77     100      82      90      75      85      69      67
      98      92      74      80      91      66      80      77      76      79
      70      73      94      84      61      84      73      83      82      79
      73      75      79      67      64      77      86      87      83      93
      98      67      80      82      89      75      71      85      71      90
      77      74      66      69      70      72      72      61      83      88
      76      74      75      85      85      93      80      84      71      86
      72      98      83      80      77      66      83      98      93      85
      82      92     104     102      91      83      81      94      98      99
     104     101     111      90     130      97     102     117     107     101
     110     100     128     133     124     113     114     125     124     118
     151     149     119     132     149     142     144     177     179     170
     171     203     221     217     206     200     210     220     219     249
     272     256     232     280     274     317     288     279     335     323
     346     351     339     386     389     389     369     434     391     401
     481     445     411     480     471     459     461     499     418     508
     449     464     496     502     408     447     463     473     463     451
     448     463     387     357     392     427     356     370     362     384
     345     372     325     343     310     322     300     289     259     241
     261     242     200     223     227     227     180     193     194     184
     159     157     172     155     162     134     146     114     117     116
     130     126     103     117     146     119     127     118      90     110
     124     120      98     103     102     107     111     114     143     155
     121     151     120     143     184     177     162     184     194     210
     190     205     254     255     251     276     300     296     271     279
     301     300     275     311     306     288     272     311     281     308
     253     214     272     223     207     222     202     178     165     157
     139     141     137     116     130     111     105   61245
