$Informacoes da Fluorescencia de Raios-X:
"Sample    : znte_34683_16p",                                                             
"Operator  : ",                                                                           
"Comment  : micromater znte 49.1ug/cm2",                                                  
"Group     : kerr2007ab13liv300al",                                                       
"Date       : 2018-04-02 15:48:55",                                                       
"",                                                                                       
"Mesurement Condition",                                                                   
"------------------------------------------------------------------------------------",   
"Instrument : 700HS2   Atmosphere : Vac.   Collimator : 10(mm)   Spin : No",              
"------------------------------------------------------------------------------------",   
"Analyte               TG kV   uA      FI Acq.(keV)  Anal.(keV)  Time(sec)     DT(%)",    
"------------------------------------------------------------------------------------",   
"Na                    Rh 50  496-Auto Al  0 - 20    0.8 - 1.2   Live -  179   20",       
"Channel_info_start",                                                                     
"Channel : Na",                                                                           
"Points : 2048
"Range : 0.000000 - 20.480000",                                                           
"Step : 0.010000",                                                                        
"Channel_info_end",                                                                       
$DATA:
       0    2047
       0       0       0       0       0       0       0       0       0    2048
       0       0       0       0       0       0       0       0       0       0
       0       0       0       0       0       0       0       0       0       0
       0       0       0       0       0       0       0       0       0       2
      21      48      42      36      48      32      31      43      33      40
      39      28      33      41      41      38      37      37      38      35
      28      34      39      40      34      39      30      41      41      15
      38      45      34      53      38      33      31      28      24      24
      29      22      37      34      35      34      32      36      38      37
      35      45      31      32      52      51      34      41      50      58
      54      68      60      57      82      95     125     157     173     235
     251     261     310     335     310     286     244     235     199     196
     144     161     102     106      77      67      72      60      47      39
      34      46      36      41      47      24      29      37      29      36
      22      38      33      40      51      33      38      29      23      36
      39      34      29      47      36      43      36      41      34      35
      32      52      45      48      46      45      42      50      42      37
      35      40      41      41      34      52      45      47      40      46
      42      48      50      45      45      37      35      42      56      51
      41      40      45      49      37      39      50      53      55      54
      51      68      88      66      91     103     124     153     165     195
     181     207     229     215     240     221     179     142     139     122
      93      88      84      81      56      55      58      59      54      47
      49      47      55      67      72      64      76      95     101      96
      89     115      81      92     118      75      71      74      67      68
      54      69      49      68      51      53      37      50      51      40
      46      45      43      59      52      60      56      32      52      50
      39      49      40      60      53      38      51      53      40      40
      52      42      47      56      46      55      43      53      49      53
      51      50      47      49      57      46      38      63      56      64
      42      41      54      59      49      53      45      50      47      41
      47      57      48      54      57      51      45      45      68      77
      64      72      64      65      57      72      71      76      65      64
      78      88      78      89     120     124     136     187     200     258
     258     336     351     400     444     481     382     435     412     369
     384     346     331     267     229     222     157     162     143     164
     161     173     173     164     178     234     242     290     344     423
     474     554     612     869     993    1353    1474    1948    2230    2925
    3438    4312    5065    6152    6668    7867    8484    9302    9464    9582
    9452    9189    8241    7957    6509    5779    4444    3693    2817    2270
    1618    1414    1107    1015    1043    1230    1389    1845    2165    2912
    3223    3950    4204    5170    5368    5991    5775    6069    5971    5814
    5131    5072    4535    4188    3555    3470    2802    2546    1998    1764
    1542    1285    1079    1057     951     935     877    1001    1053    1086
    1227    1362    1332    1406    1309    1254    1166    1062     974     904
     785     698     530     413     403     337     270     266     241     283
     269     336     375     439     454     547     547     681     652     776
     736     761     667     719     597     595     504     468     368     337
     288     248     191     204     208     218     227     276     307     341
     390     403     422     487     498     480     469     504     425     406
     398     317     292     277     219     216     201     193     173     127
     124      94      99     108     103      80      73      80      85      51
      61      80      61      61      60      49      64      49      60      56
      57      90      54      60      55      69      60      74      61      56
      67      55      77      83      72      63      58      77      80      78
      61      77      75      69      73      75      81      90      82      91
      91      85      74      85      74      90      94      92      84      84
     103      80      83      70      75      84      85      81      70      82
      94      99      86      86      81      93      93      88      84      88
      95     106     107     111      92      93      81      98     100      83
     106     102      94     108      88      89      98     105      92     106
      92     129     119     102     104     126     100     119     124     135
     106     145     116     133     141     140     121     141     133     133
     124     139     152     134     160     123     140     134     146     136
     134     127     162     148     128     159     157     137     119     174
     142     172     153     141     143     156     156     165     141     173
     147     139     165     146     157     160     121     154     137     151
     171     121     123     129     144     143     126     133     152     141
     147     128     147     168     130     144     147     140     143     160
     131     142     137     142     166     160     154     155     169     171
     170     184     171     174     164     164     182     171     153     204
     149     153     134     153     168     144     118     143     154     162
     146     134     144     146     136     149     134     139     130     127
     156     159     143     144     154     170     130     143     154     142
     142     166     161     165     149     142     156     162     135     158
     181     177     177     172     145     171     179     165     175     184
     193     161     190     174     168     177     157     168     186     194
     163     151     159     161     158     151     142     172     194     153
     162     169     162     148     157     166     152     160     154     166
     179     175     159     147     170     181     178     162     202     171
     156     199     171     208     197     204     194     176     217     231
     188     233     227     244     252     236     252     265     260     264
     237     248     214     233     227     252     207     196     195     192
     216     186     179     175     195     211     176     170     162     183
     189     184     172     198     192     209     187     212     199     221
     236     232     235     330     346     394     520     659     790    1085
    1251    1785    2323    2984    3554    4645    5619    7178    8099    9753
   11238   13025   14076   15672   17627   19074   18805   20184   20193   20491
   19461   19407   18179   17410   15172   14261   12640   11441    9300    8361
    6926    5843    4476    3745    2965    2267    1673    1350    1071     780
     587     492     367     334     286     240     222     242     183     210
     182     209     183     177     169     183     128     173     179     180
     159     169     151     160     183     162     191     171     165     189
     186     172     172     179     204     182     182     163     157     226
     187     192     182     190     178     213     250     208     206     262
     243     305     314     340     389     422     506     557     724     850
     906    1082    1286    1496    1609    1789    1925    2274    2277    2473
    2806    2789    2740    2905    2763    2740    2519    2467    2214    2128
    1948    1767    1637    1407    1177    1107     913     788     663     540
     490     419     340     312     266     256     172     183     166     175
     141     125     137     152     133     135     143     142     129     111
     143     135     136     138     136     155     122     111     113     123
     126     126     125     123     152     111     103     124     128     129
     110     133     118     108     121     124     107     124     126     104
     127     134     124     131     112     123     109     115     113     119
     118     116     118     122     110     133     112     131     118     124
     112     139     134     145     136     110     127     128     117     129
     109     125     118     139     136     118     123     137     121     107
     104     149     155     130     121     140     141     126     133     141
     134     130     130     110     116     131     131     113     117     151
     119      92     110     134     111     115     136     125     105     110
     153     121     103     129     105     140     118     137     125     153
     103     119     129     127     129     128     104     143     137     130
     136     112     118     135     112     136     117     128     123     126
     115     125     113     138     108     130     120     139     113     111
     118     121     118     121     127     107     129     104     139     110
     130     135     110     138     117     130     119     127      99     115
     126     113     127     112     123     116     130     115     122     140
     117     121     121     124     143     104     142     115     109     118
     122     108     109     129     126     100     126     111     117     124
     105     121     115     108     112     125     123     107     122     121
     144     133      98     109     113     123     111     100     128     128
     122     129     104     118     112      99     113     133     123     105
     112     119     119     104     116     142      95     123     119     111
     125     137     124     104     121     117     110     154     116     109
     107     134     115     128     138     131     133     123     123     120
     120     133     148     107     129     129     121     119      93     115
     119     133     117     110     142     110     134     136     100     107
     124     118     131     145     115     110     130     125     118     129
     130     125     131      98     126     117     111      94     121     124
      99     110     109     108     124     109     110     115      85     120
     110     108     109     121     121     120     110     117      92     113
      99     125     115     111     110     140      99      87     117     104
      94     111      99     111     115      86     101     113      94     108
     108     129     106     127      90     116      84      91     101     108
      98      95     106      96      99      87     102      99      95      98
     111      91     108     110     120     112     116     110      93     102
     131     103      95      99     112     104     112      95      98     100
      99     106     103     105      99     105     112     118      95     119
     138      82      86     108     116      95     107     112      98     105
      98      92      98     104      98      92      80      96     110     100
      90      81      98      93     108      88     111      92      95      92
      77      94      99      99     109      85      87      92      99     105
      91     101      98      92      89     102      85      87     106     100
      95      99     101     101      92      84      93      84      93      95
      89     103      90      95      75     109      93     118      77      84
      85     103      83      88      85     101     101      91      83      95
      94      96     112      84      98      91      84     104      86     101
      94      83      93     109     102      92      74      95      91     105
      86     102      80      85      96      82      83      80      80     100
      91      87      71      94      86      78      95      96      93      82
      84     102      73      83      98     105      61      73      81      88
      96      87      84      76      81      80      77      99      74      87
      80      98     100      88      83      88      98      82      80      93
      89      90      91      84      84      74      87      90      91      74
      84      85      91      92      85      94      83      81      85      85
      81      81      53      93      85      85      77     101      77      93
      73      93      77      72      82      84      81      93     101      75
      89      86      86      88      92      76      87      83      81      76
      82      93      74      66     110     103      69      82      75      89
      81      78     101      78     104      87      84      94      90      92
      96      83      83      65      77      73      71      73      80      70
      95      83      61      70      76      78      84      59      78      72
      76      87      72      77      85      74      75      82      84      80
      66      66      91      83      80      82      68      83      83      78
      76      80      67      83      75      71      78      86      81      78
      60      87      81      78      65     101      80      70      80      91
     103      93      71      58      93      75      85      78      57      80
      77      95      72      88      71      68      80      91      72      76
      72      68      76      73      71      84      77      71      76      64
      75      71      76      73      75      77      77      91      61      73
      72      77      80      68      82      84      46      72      66      70
      74      73      67      47      75      69      91      99      82      60
      89      86      64      74      83      87      85      86      84      73
      83      86      83      88      88      91     100      85      80      93
      91      95      99      90      86     102     106      93      70      72
     111      90      89      72      87      69      82      78      75      70
      69      86      70      63      74      84      57      72      57      76
      72      74      68      67      69      73      55      69      84      64
      70      59      84      76      67      80      61      75      67      75
      82      61      77      93      57      64      80      75      70      59
      76      81      84      69      73      72      76      66      66      70
      74      73      75      82      70      72      87      78      75      95
      87      78      87      76      98      73      74      74      93     101
      84      94      84     103      84      96      94     103      80      80
      86      96      84      88      96      91     106      86      94      98
      70      83      85      84      84      77     104     104      78     113
     104     111     102      96     104     111     122      90     108     113
     101     134     108     126      80     130     111     126     131     115
     134     155     134     129     130     164     149     168     171     190
     173     190     200     216     206     228     211     258     224     216
     250     232     265     266     281     303     311     295     330     314
     347     336     391     358     320     391     426     369     426     421
     459     433     412     444     434     472     476     437     473     456
     474     470     481     464     476     447     486     499     429     443
     435     432     440     398     432     382     381     419     357     371
     357     329     353     323     309     311     300     312     277     264
     262     243     261     232     224     204     221     187     200     193
     174     182     164     140     134     146     143     145     148     126
     125     110     108     101     113     117     130     112      96     118
     105      98      92      84      92     113     128     127     121     159
     157     159     136     175     183     165     191     191     245     221
     225     231     259     253     243     269     276     269     278     282
     309     304     293     283     287     285     257     269     262     292
     257     231     242     227     231     205     195     186     179     168
     139     142     130     130     110     109      86   72264
