$Informacoes da Fluorescencia de Raios-X:
"Sample    : znte_34682_16p",                                                             
"Operator  : ",                                                                           
"Comment  : micromater znte 49.3ug/cm2",                                                  
"Group     : kerr2007ab13liv300al",                                                       
"Date       : 2018-04-02 15:44:31",                                                       
"",                                                                                       
"Mesurement Condition",                                                                   
"------------------------------------------------------------------------------------",   
"Instrument : 700HS2   Atmosphere : Vac.   Collimator : 10(mm)   Spin : No",              
"------------------------------------------------------------------------------------",   
"Analyte               TG kV   uA      FI Acq.(keV)  Anal.(keV)  Time(sec)     DT(%)",    
"------------------------------------------------------------------------------------",   
"Na                    Rh 50  496-Auto Al  0 - 20    0.8 - 1.2   Live -  180   20",       
"Channel_info_start",                                                                     
"Channel : Na",                                                                           
"Points : 2048
"Range : 0.000000 - 20.480000",                                                           
"Step : 0.010000",                                                                        
"Channel_info_end",                                                                       
$DATA:
       0    2047
       0       0       0       0       0       0       0       0       0    2048
       0       0       0       0       0       0       0       0       0       0
       0       0       0       0       0       0       0       0       0       0
       0       0       0       0       0       0       0       0       0       3
      23      47      48      34      24      57      40      41      37      47
      29      31      36      25      37      43      41      42      35      44
      43      30      41      34      41      44      35      31      36      32
      37      30      39      37      33      31      37      37      23      33
      34      29      29      33      38      36      36      37      52      40
      42      41      58      39      47      57      42      52      47      50
      66      55      71      72      86      89     109     121     186     222
     257     302     259     281     288     276     294     262     221     191
     138     120      92      95      61      87      44      74      53      52
      34      35      41      29      51      43      30      39      33      35
      22      35      48      41      38      36      35      41      21      39
      29      35      29      41      36      35      41      39      33      42
      40      51      39      30      39      29      39      43      49      49
      50      42      32      37      37      35      43      29      36      41
      39      35      48      59      36      36      44      56      36      42
      36      37      46      48      47      42      49      48      55      67
      41      64      64      69      64     107     113     165     161     210
     212     223     233     231     220     199     168     173     155     123
     109      80      64      84      75      40      60      52      49      42
      54      57      64      67      59      61      82      97      73      93
      88      87      98      86      72      84      88      71      84      67
      66      64      53      50      51      50      44      47      36      51
      46      47      40      48      49      56      49      51      61      46
      54      51      42      43      49      52      51      44      48      54
      48      52      49      44      56      52      35      62      40      42
      48      44      39      49      46      52      72      55      60      58
      52      66      50      67      49      59      55      60      47      39
      41      51      53      43      62      66      54      51      48      69
      57      69      60      65      68      76      67      72      77      85
      76     106      98     101      93     127     156     173     211     255
     273     351     377     416     398     492     443     461     439     416
     351     385     285     263     235     231     199     168     165     163
     128     148     163     196     220     221     264     265     316     389
     463     539     609     858     988    1161    1507    1900    2311    2939
    3422    4116    5017    6049    6592    7599    8314    9224    9142    9689
    9292    9169    8185    8018    6617    5660    4442    3773    2834    2294
    1627    1355    1073    1031     998    1167    1454    1819    2174    2850
    3107    3966    4254    4942    5444    5876    5639    5907    5858    5765
    5129    5052    4586    4191    3550    3307    2833    2482    1978    1692
    1453    1384    1088    1025     882     915     879    1026     967    1155
    1202    1333    1279    1384    1294    1356    1203    1158     968     874
     729     645     550     394     371     329     280     276     229     273
     270     331     366     399     461     543     605     642     650     741
     729     821     682     705     581     524     482     456     345     289
     281     265     201     200     193     214     234     265     293     328
     362     423     403     463     482     453     460     474     437     410
     363     343     295     287     233     235     199     176     131     114
     102     100      79      91      62      82      80      77      59      74
      69      74      69      66      65      53      52      52      60      78
      74      59      59      75      68      58      65      74      56      53
      60      83      60      56      48      78      62      77      71      67
      85      82      69      77      58      75      76      84      79      74
      82      83      82      82      77      86      78      95      57      71
      87      68      74      92      89      96      74      91      78      70
      87      87      77      77      91      80      95      72      90      86
     112      94     100     103      84      91      80     105      92      87
      84      89      98      92      90      80      91     106      97     116
     122      93      98      96     110     111     125     114     108     126
     108     134     113     128     125     137     119     120     130     144
     145     118     137     114     146     137     129     150     116     144
     131     125     125     168     161     160     140     137     155     172
     136     161     157     147     163     178     169     168     166     143
     156     137     157     152     134     157     160     148     116     125
     155     140     113     128     141     145     137     141     139     149
     147     137     159     154     144     115     133     133     130     144
     145     166     141     167     142     167     173     195     157     185
     149     191     176     180     143     157     193     172     174     183
     152     151     148     154     150     148     115     149     143     139
     138     173     148     129     140     138     157     155     134     136
     152     137     155     154     123     130     140     133     127     134
     140     174     141     139     140     152     143     156     138     154
     149     186     157     175     183     168     172     139     177     174
     194     203     170     185     180     136     166     181     170     163
     176     193     163     164     156     149     170     149     167     150
     162     159     187     148     157     147     154     161     156     163
     168     172     149     184     172     155     177     193     165     152
     156     196     155     191     178     196     177     193     193     193
     238     223     177     222     231     276     230     260     231     245
     211     258     204     228     227     200     214     165     176     191
     192     226     174     194     210     210     164     169     192     195
     176     167     183     172     173     202     188     210     203     215
     224     231     274     293     340     402     450     680     755    1048
    1294    1761    2281    2960    3553    4594    5797    7029    7913    9576
   11066   12985   13950   15500   17373   18724   18667   19717   19817   20369
   19009   19229   18223   17380   15257   14349   12689   11508    9270    8389
    6886    5747    4427    3659    2887    2395    1753    1353    1035     780
     560     524     387     328     288     227     201     213     201     205
     178     226     186     160     188     176     169     195     165     179
     175     192     184     169     148     175     162     167     138     194
     163     170     159     179     199     152     167     203     192     195
     175     193     199     205     184     199     217     202     235     246
     249     306     299     293     384     430     489     574     761     849
     928    1074    1270    1435    1564    1747    1917    2195    2299    2533
    2646    2782    2711    2746    2698    2634    2541    2530    2302    2142
    1970    1720    1584    1429    1236    1017     890     831     598     552
     448     400     305     265     239     220     206     168     156     151
     142     140     181     164     128     129     132     136     132     136
     150     140     113     128     109     118     116     113     139     121
     112     120     123     128     120     112     113     150     127     138
     144     141     111     120     121     140     115     142     126     125
     120     103     101     112     105     123     139     118     106     132
     120     119     129     113     127     121     122     119     114     133
     104     138     142     118     136     111     137     124     115     126
     122     131     128     126     113     129     122     123     128     129
     122     124     118     122     113     128     104     132     133      98
     134     116     118     118     131     130     115     132     125     139
     129     130     130     139     120     140     132     122     115     127
     116     112     119     130     119     123     101     127     125     106
     122     116     115     131     123     129     148     140     122     119
     119     138     104     111     110     131     120     104     115     131
     123     118      96     106     126     123      97     127     102     115
     122     132      96     145     116     125     122     131     124     118
     113     113     120     108     111     118     123     126     104     130
     115     112     105     121     115     124     120     134     102     132
     119     107     119      97     124     112     137     127     130     118
     121     113     123     110     121     128     132     111     122     132
      97     133     115     112     139     124     113     134     110     108
      95     115     106     102     109     125     102     129     122     104
      93      96     101     105     107     113     145     122     119     111
     103     115     107     111     127      97      76     123     103     111
     101     130     124     115     111     127     133     130     105     115
     119     144     119     116     142     126     120     138     126     131
     129     132     108     147     110     108     143     144     115     114
     130     113     132     130     113     125     103     126     106      97
     108     110     112     118     112     115     103     144     118     115
     114     110     118     121     114     113     101     111     116     118
     114     119      96     111     110     114     123     116     104     105
     101     104      90     105     113     134     114     102     108     105
      96     118     108     123     102     100     102     113      96     106
     106     121      98      97      87     119      95     120      94     113
     102     111     104     100     107     109      88      91      93     112
     100     101      90     109      89     119      79     113     100     100
      96      91     103     108      91     119      95     104     100     109
     129     109     118     100      94     105      90     100      94     106
      74     101     110      94      89      97      94     129     101     100
     103      83     113      97      96     105      86      71     105     103
     106     115     106      97      93     105      97      88     101     102
      90      98      92      98      78     100      95      84     108      89
      95      94     106      94      66      88      84     104      82      78
      98     103     111     104      91      93      84      82      94     105
      88     112     101      82      86     109      79      89      86      95
     107      94      77     101      98      82      93      70     110      90
      86      90      82      95      91      97      69      80      85      74
     101      98      96      83      92      93      92     100     111      86
      86      80      83      98      98      91     100     101      97      78
      95      78      77      88      71      78      77      86      70     100
      76     104     106     113      92      94     102     109      92      91
     105      95      78      94      98     101      74     108      87      90
      84      76      84      94      83      72      93      72      98      87
      74      90     111      88      87      80      80      93     100      70
      77      91      93      92      92     100      86      78      90      84
      82      85      87      79      70      80      90      89      76      82
      88      88      80      78      70      84      73      90      57      95
      82      86      91      84     108      83      77      65      75      77
      70      98      70      58      80      67     103      87      72      83
      83      86      92      84      65      85      94      77      83      84
      80      90      71      70      87      87      78      90      80      76
      83      84      76      68      72      87      71      83      72      97
      79      85      75      84      71      85      80      92      84     105
      85      91      84      90      74      91      71      76      80      88
      76      67      75      86      68      87      84      78      79      72
      70      86      65      68      88      65      80      84      77      56
      75      66      72      80      60      65      68      69      84      78
      71      70      66      73      77      73      73      80      66      64
      70      76      65      80      70      67      90      84      62      80
      68      69      86      73      64      71      78      79      82      71
      66      72      68      74      64      67      89      82      80      66
      77      79      77      72      68      67      56      66      90      70
      60      71      75      69      65      58     104      78      69      61
      76      83      79      84      78      76      90     100     103      80
      90      90      90      83      95      96      80      89      94      74
      91      98      76      86      94      80      78      89      76      84
      78      91      72      72      80      61      72      85      73      84
      79      76      69      71      65      76      59      77      64      77
      68      83      83      65      76      87      66      67      92      72
      86      75      73      76      84      84      69      67      60      60
      70      55      77      82      82      78      67      69      76      84
      87      83      62      66      87      78      73      83      67      94
      79      65      57      78      67      61      74      76      71     103
      94      88      83      83      93      79      80      75      91      80
      58      74     101     111      91      91      84     107      98      66
      92     107      77      98      88      86      86      87      98      84
      88      79      95      87      94      96      95      84      87      92
     101      97      87      88      96      84      89     100      88     113
     108     119     122     105     110     105     128     127     116     129
     128     147     136     139     155     159     149     149     182     149
     175     208     180     179     188     200     193     238     212     220
     253     271     310     275     283     286     282     307     292     306
     334     341     367     383     370     410     416     426     398     369
     431     446     451     421     429     447     444     461     488     457
     451     469     504     460     464     471     480     429     429     449
     438     418     412     421     391     383     358     377     416     353
     309     333     331     319     295     305     262     302     270     264
     290     242     240     228     236     237     230     186     191     151
     170     182     150     180     149     151     156     140     111     132
     129     127     100     121     139     114     121     106     120     104
     115     120      96     138      93     113     136     129     137     127
     138     145     154     164     170     182     167     235     199     222
     230     197     224     249     259     257     301     305     255     284
     285     268     271     302     281     301     283     274     276     288
     234     217     256     206     192     215     177     181     187     164
     154     130     142     109     107     110     107   71569
