$Informacoes da Fluorescencia de Raios-X:
"Sample    : srf2_34688_16p",                                                             
"Operator  : ",                                                                           
"Comment  : micromater srf2 54.4ug/cm2",                                                  
"Group     : kerr2007ab13liv300al",                                                       
"Date       : 2018-04-02 16:10:33",                                                       
"",                                                                                       
"Mesurement Condition",                                                                   
"------------------------------------------------------------------------------------",   
"Instrument : 700HS2   Atmosphere : Vac.   Collimator : 10(mm)   Spin : No",              
"------------------------------------------------------------------------------------",   
"Analyte               TG kV   uA      FI Acq.(keV)  Anal.(keV)  Time(sec)     DT(%)",    
"------------------------------------------------------------------------------------",   
"Na                    Rh 50  430-Auto Al  0 - 20    0.8 - 1.2   Live -  179   20",       
"Channel_info_start",                                                                     
"Channel : Na",                                                                           
"Points : 2048
"Range : 0.000000 - 20.480000",                                                           
"Step : 0.010000",                                                                        
"Channel_info_end",                                                                       
$DATA:
       0    2047
       0       0       0       0       0       0       0       0       0    2048
       0       0       0       0       0       0       0       0       0       0
       0       0       0       0       0       0       0       0       0       0
       0       0       0       0       0       0       0       1       0       1
      20      21      38      45      37      45      32      40      53      36
      38      43      41      40      54      45      38      45      41      52
      51      49      52      54      50      48      39      65      52      50
      47      55      42      55      49      49      58      58      47      55
      40      41      45      41      52      48      55      42      39      35
      34      47      38      41      37      40      29      43      38      36
      31      40      35      33      27      29      35      37      34      33
      32      31      32      28      25      22      36      31      36      24
      27      32      27      27      23      35      23      22      14      28
      23      31      30      29      25      31      34      23      36      35
      31      40      25      27      24      34      37      37      27      31
      36      33      31      47      34      30      45      41      60      46
      66      77      89      94     124     129     164     187     156     201
     183     216     219     210     219     197     236     195     205     234
     254     331     416     547     690     997    1237    1626    1892    2273
    2507    2893    2782    3080    2863    2963    2551    2417    2223    2085
    1663    1549    1303    1111     894     826     666     641     473     428
     354     300     259     257     184     167     117     128      67      75
      65      37      38      42      45      51      43      51      46      59
      36      36      47      47      41      46      45      49      31      30
      32      15      22      31      29      30      21      19      19      18
      19      23      17      19      24      16      22      18      13      20
      19      17      15      28      15      20      18      18      29      18
      18      31      29      19      21      27      19      24      22      32
      19      24      23      14      20      20      23      28      12      22
      29      25      22      17      20      20      23      27      19      20
      16      20      20      21      21      16      22      20      24      28
      16      24      31      10      19      25      19      14      17      36
      19      20      20      17      23      16      14      20      18      19
      17      23      18      22      19      24      29      25      28      29
      29      23      23      21      20      25      30      19      17      18
      22      25      18      30      27      25      27      36      28      28
      24      35      34      42      55      61      63      90      84     124
     179     244     269     356     505     584     745     817     919    1027
    1028    1126    1125    1103     958     958     846     744     508     461
     372     281     249     191     120      95      92      80      63      66
      54      71      47      91      81      70      98     107     127     148
     116     140     136     152     164     187     160     137     122     124
      95      85      82      72      61      51      50      51      37      40
      46      47      35      29      32      36      33      38      41      33
      39      49      35      47      42      47      39      48      55      55
      53      61      53      72      52      67      60      80      53      78
      57      72      71      76      70      77      56      86      55      73
      74      78      67      63      63      51      53      50      59      58
      74      53      59      64      51      45      54      54      50      54
      48      52      54      45      38      43      40      54      52      46
      50      43      45      41      40      42      43      52      40      52
      39      59      28      43      42      43      48      42      38      56
      36      58      32      43      43      38      38      50      46      37
      40      33      48      46      41      52      58      63      43      51
      51      49      56      35      47      56      43      58      45      60
      49      61      57      55      45      50      68      56      70      75
      45      45      56      51      48      59      55      53      66      70
      59      54      61      55      60      67      69      56      50      63
      75      98      81      76      84      94      88      75      78      81
      87      81      89      86      71      98      74     104     104     104
      99     113      94      94      85      98     123      88      85      96
     110     101     100      89      76      95      78      90      91      77
      75      76      81      77      91      98      81      92      67      80
      75      94      83      72      84      86     100      90      86      86
      98     106     125      91      98     107     117     113     106     121
      98     126     126      90     114     133     117     141     129     147
     106     125     118     123     124     119     122     131     116     128
     135     119     121     108     129     151     119     108     141     140
     109     131     140     121     122     124     114     129     105     107
     114     105     105      96     106     121     107     116     123     107
     104     134     127     110      99     106     112     111      91     137
     102     102      96     113     111      91     109     114     112     125
     110     106      96     105     113     114     100     121     120     108
     127     123      88     108     100     106      91     102     102      98
     109     127     109      90      84      83     101     111      75      94
     103     103      93     112      98      93      96     101     114     121
     117     114     113     114     126     111     101     101     114     100
     110     114     113      94     101     127     112     117     123     130
     129     114     125     161     121     127     117     121     121     122
     123     131     111     135     148     147     136     137     149     134
     149     151     145     161     146     164     158     159     188     189
     192     200     186     207     211     234     212     279     265     280
     264     278     296     315     293     300     300     299     285     277
     312     296     250     277     236     201     207     195     176     167
     151     152     160     137     127     123     110     107     101     107
     128     108     101     124     108     117     106     138     118     111
     114     149     110     126     107     139     137     129     142     145
     154     139     154     165     183     171     176     184     210     159
     170     175     163     159     157     164     166     162     139     130
     134     124     138     112     121     118     141     105     122     120
     113     121     121     114     106     108     121      95     103     112
     114     129     102     121     120     107     116      93     105     109
     113     119      99     116     102      92     135     116     146     121
     117     113     105     122     127     130     107     131     137     145
     135     181     190     177     153     177     163     192     171     191
     174     188     179     188     184     187     153     167     157     139
     151     148     146     140     134     146     146     151     126     157
     152     160     138     117     140     146     151     141     157     142
     129     135     123     160     129     145     124     142     135     121
     129     143     128     110     134     119     112     129     118     105
     118     120      94     135     105     100     111     122     122     137
     125     119     110     111     114     116     118     110     129     121
      96     120     103     127     100     126     100     110      98     110
     100     118     103     129     100     107      95     105     119     137
      85     124     106      89     120     103     113     111     110     109
      99     108     124      88     103     124      98     104     107     110
      92     110     116     103      91     103      99      92      87     119
      98     105      83     107     114     100      86     100      91     102
      98      96      99     104      82      95     116      96     106      95
     103     106      78     124     109     121     101     119      85     114
     118     119     104     117     118     120     121     114     107     109
     118     100     101      93      98     120     105     114     116     103
     101     102     103     111     105     103     102      83      89     123
     120      92      92     110     103     129     102     105     106     127
     105     141     103     133     116     103      90     103     107     103
      76     112     107      98     108      77     114      95     112      99
      90     102     101     102      86     104     102      78     105      94
      93     102     108      84     109     107     109      96     113      98
      99     106     113     108     108     119      99      98     104      85
     101     108     103      88      95     104     106     101      96     105
      84     102     105     101      90     110     112     104      76      85
      92      90      87     118      91      94      96     109      91      90
      94     104     107     105      69     102     117     109      76     110
      80      99     106      93     104     106      80     119      94     101
      98     102      69     100     100      82     103     108      93     109
     103      99      98      92      92     112      75     107     119     111
     102     113      96      99      88      89      98     111      88     103
      86     109      87      85     110      88      89      91      93     100
      98      92      84     102     101      89      95     112     101     105
     100      76      88     103      82      98      85     105      85     104
     106      90      83     111      90      86      88      88      70     100
      80      77     112      99      91      84      83      86      91      78
      81      94      87     113      92     107      98      85      82     101
     104      95      93     119      89     101     104      99     101      88
      83     107      95      88      95      99     102     107     102      93
     104      90      96     106      92      98      85     112     105     129
      87     126     106     135      90     107     114     107     104     107
     123     151     107     116     111     129     112     107     127     134
     147     131     136     123     127     129     147     146     155     153
     139     158     152     159     173     186     173     211     216     241
     320     356     426     567     667     798     919    1198    1464    1838
    2198    2790    3212    3966    4670    5480    6191    7312    8718    9751
   10564   11899   13200   14882   15236   17129   18321   19480   19638   20836
   21396   22346   21543   22745   21843   22145   20708   20386   19764   19040
   17429   16606   15621   14385   12477   11412   10634    9199    7851    6888
    6118    5181    4190    3690    2892    2486    1915    1597    1326    1069
     826     641     507     469     366     312     254     216     171     186
     181     127     136     133     144     131     117     118     111     126
      96     122     136      93      86      99      94     101     101      94
     101      91      91     105      90     109      75      99      89     112
     105      98      96      91      81     104      96     104      95      91
     100      84     100      80      94     101      83     106     105     101
      86      90      88     100      83     101      77      89      85      95
      91      99      82     107      88     106      91      84     100      90
     108     121      70      91      95     102     114     111     107     113
      90     138      98      92      89     122     112     114     108     118
     114     144     145     137     108     119     142     125     147     138
     161     155     162     190     239     252     242     317     314     413
     437     547     627     747     772    1037    1117    1342    1441    1622
    1744    2066    2097    2346    2626    2780    2857    3015    3191    3443
    3358    3460    3474    3464    3469    3443    3456    3396    3098    3129
    3067    2862    2426    2551    2286    2196    1935    1752    1679    1546
    1362    1298    1262    1055     993     977     878     833     739     786
     705     701     553     521     543     470     488     441     404     413
     346     299     328     258     227     197     196     182     165     148
     105     128     103      88     108      84      83      75      73      75
      75      65      61      56      67      68      67      64      54      52
      51      58      69      69      61      56      68      56      60      65
      53      70      63      63      57      58      56      80      64      57
      51      65      63      60      56      55      52      50      68      71
      60      61      57      76      59      69      66      63      59      41
      59      72      64      58      59      65      55      61      61      66
      31      55      73      65      57      60      59      67      53      61
      67      40      52      63      61      55      65      63      59      51
      55      54      53      67      43      43      70      73      63      53
      59      54      52      72      47      59      54      66      50      58
      60      73      52      68      58      58      65      53      57      48
      52      59      61      67      61      60      50      73      52      76
      58      61      55      57      59      70      61      64      69      61
      78      46      59      61      60      60      52      59      64      55
      61      54      61      64      74      56      64      55      55      77
      42      68      53      59      59      56      63      54      55      61
      61      55      70      67      67      75      46      66      57      52
      67      75      64      67      61      48      61      59      55      61
      50      66      56      72      72      63      73      60      72      65
      55      83      76      72      69      68      66      76      72      82
      59      66      76      84      75      83      70      84      77      75
      69      81      72      80      93      92      73      67      75      74
      75      91     100      90      87      99     101     109      92     108
     113     109     104     121     127     147     139     111     149     165
     154     137     149     180     137     184     209     172     172     208
     221     228     222     225     235     262     250     319     268     293
     287     303     317     314     296     343     348     336     334     370
     426     355     381     384     377     413     399     428     394     411
     394     372     410     381     426     416     422     375     390     416
     372     387     336     381     393     382     317     308     342     325
     289     287     269     298     268     248     274     266     243     199
     249     206     186     189     197     193     178     163     145     163
     128     149     128     149     125     106     105     136      99     108
     114     126     100      89      81     114      94      94      99      88
      95      90      96      86      75      84      90     113     107     105
      93      95      90     109     109     122     131     129     156     149
     136     135     151     160     165     145     193     192     188     192
     189     194     177     195     195     191     176     170     165     176
     160     167     186     170     140     138     117     140     125     107
     120     106     119     102     101      87      84   31481
