$Informacoes da Fluorescencia de Raios-X:
"Sample    : pd_34692_16p",                                                               
"Operator  : ",                                                                           
"Comment  : micromater pd 44.1ug/cm2",                                                    
"Group     : kerr2007ab13liv300al",                                                       
"Date       : 2018-04-02 16:28:03",                                                       
"",                                                                                       
"Mesurement Condition",                                                                   
"------------------------------------------------------------------------------------",   
"Instrument : 700HS2   Atmosphere : Vac.   Collimator : 10(mm)   Spin : No",              
"------------------------------------------------------------------------------------",   
"Analyte               TG kV   uA      FI Acq.(keV)  Anal.(keV)  Time(sec)     DT(%)",    
"------------------------------------------------------------------------------------",   
"Na                    Rh 50  750-Auto Al  0 - 20    0.8 - 1.2   Live -  179   19",       
"Channel_info_start",                                                                     
"Channel : Na",                                                                           
"Points : 2048
"Range : 0.000000 - 20.480000",                                                           
"Step : 0.010000",                                                                        
"Channel_info_end",                                                                       
$DATA:
       0    2047
       0       0       0       0       0       0       0       0       0    2048
       0       0       0       0       0       0       0       0       0       0
       0       0       0       0       0       0       0       0       0       0
       0       0       0       0       0       0       0       0       0       5
      28      70      72      75      62      57      64      60      56      61
      61      77      61      60      64      80      64      68      72      67
      64      79      69      69      56      60      77      65      56      55
      61      64      60      72      56      60      60      68      49      59
      67      53      63      76      67      62      65      62      71      58
      50      69      50      71      71      55      57      67      59      67
      61      65      78      59      69      76      76      86      98      96
      85      98      96     134     124     155     191     207     209     231
     244     233     200     223     188     172     153     139     107     118
     127     141     119     162     158     158     146     179     150     155
     141     135     132     139     103     114     119     118      93      93
      95     105     102     108      82     108      97     100      89     111
     107      79      88     108      99      80      99      89      76     114
      72      84      74      69      69      80      75      81      93      81
      86      88     107      84      76     105      77      96      80      88
      82      97      74      82      96      88      72      85      91      79
      88      86     102     138     106     105     145     174     179     206
     221     239     214     251     238     223     166     161     138     155
     125     122     106      87     105      85      88     101      95     109
     106     106     110     110     140     148     150     156     161     154
     194     177     192     205     183     208     208     197     175     177
     180     223     244     275     277     361     365     444     499     584
     547     632     615     595     617     634     559     533     477     471
     433     455     424     462     406     469     453     464     501     487
     481     621     721     918    1085    1597    1976    2925    3550    4635
    5855    7091    7889    9368    9945   10952   10517   11082    9887    9795
    7938    7565    6396    5987    5018    4926    4595    4947    4719    5088
    5078    5449    5110    5441    4954    4866    4443    3993    3545    3212
    2756    2459    2157    2026    1779    1646    1440    1518    1307    1401
    1262    1158    1053    1000     898     803     741     694     607     628
     503     530     503     584     488     526     457     433     378     383
     353     298     260     216     193     190     152     155     165     190
     193     205     260     278     303     329     371     389     389     499
     525     606     741     821     921    1171    1226    1468    1600    1799
    1737    1855    1832    1838    1570    1493    1304    1159     922     793
     587     456     362     308     235     200     173     118     102     106
     125     118     127     132     133     137     171     194     214     227
     260     281     258     289     270     295     277     261     243     253
     208     167     128     144     119      95      86      92      79      65
      69      85      60      56      57      57      66      62      62      53
      65      67      66      67      76      70      81      69      88     103
      87      91      99      95      81     104      97     127      98     145
     103      99     111     123     116     101     122     114      95     116
     121     111     106     117     117     118     103      90     100     120
      88     103      89      95      96      95     106      84      80      86
      98      87      91      98      78     107      78      68      71      77
      77      82      79      69      81      80      81      76      75      59
      88      97      69      60      82      92      93      97      98      91
      63      97      76      70      75      78      60      88      65      86
      95      80      74      89      86      98      90     118      91      93
      91      95      89     123      85     111      77     117     110      97
     108     119     113     112     111     121     125     119     126     140
     111     143     163     154     161     149     180     169     168     158
     155     200     153     185     184     177     189     166     165     183
     180     171     159     165     162     201     177     159     171     167
     162     192     151     160     166     130     140     152     147     146
     140     159     143     142     118     145     137     167     171     137
     145     151     131     126     135     143     114     154     144     140
     154     154     165     132     127     149     133     164     163     168
     140     183     159     148     154     149     156     172     155     205
     171     185     181     218     200     187     219     201     227     229
     213     254     251     243     237     264     236     260     228     271
     213     270     247     252     264     282     279     292     227     286
     282     257     259     305     296     300     273     278     298     292
     317     321     312     301     267     317     295     311     248     272
     297     287     259     290     263     302     268     278     261     288
     239     275     274     269     254     237     249     268     239     240
     188     232     215     236     229     246     213     203     213     252
     211     221     227     212     190     170     204     198     186     175
     183     205     190     161     158     176     175     186     206     195
     171     176     160     164     167     162     171     159     171     162
     201     180     171     181     171     185     177     163     162     183
     165     202     189     206     183     173     187     210     186     194
     177     172     165     174     176     201     179     170     188     194
     160     197     148     176     192     210     210     237     152     216
     185     235     203     205     201     263     217     216     214     232
     204     242     240     274     242     243     253     282     258     273
     256     319     279     319     297     326     312     315     321     322
     308     303     320     272     265     305     260     293     261     219
     225     203     226     215     198     206     191     224     191     213
     213     224     222     201     205     233     194     235     195     214
     222     239     224     224     192     235     201     257     246     219
     230     231     248     248     245     260     311     293     313     341
     307     339     353     357     341     385     375     402     396     385
     363     378     383     405     385     356     338     341     337     340
     341     298     297     301     313     327     271     290     312     279
     289     281     246     244     284     285     274     280     244     272
     263     280     237     258     242     246     223     260     244     240
     224     239     242     247     188     226     234     223     221     228
     230     230     194     206     196     236     216     195     211     209
     187     201     189     169     192     208     204     211     186     208
     181     213     196     209     200     214     180     207     233     226
     189     212     205     212     205     212     223     222     225     203
     231     235     207     234     214     209     214     218     217     230
     236     246     243     226     207     230     192     221     213     185
     209     208     215     224     234     225     206     224     188     232
     230     226     224     255     208     236     254     237     213     231
     240     249     242     228     238     252     228     229     230     225
     221     253     230     247     214     249     213     230     218     232
     196     219     221     222     203     235     200     215     208     235
     185     206     212     202     196     214     212     240     179     207
     213     218     191     218     180     208     209     200     193     187
     184     182     180     204     185     201     206     187     170     196
     191     194     188     215     212     197     183     216     186     195
     180     221     169     209     162     197     195     169     161     197
     176     209     175     188     189     172     198     177     173     172
     149     183     190     210     196     160     193     171     177     181
     196     188     181     175     188     174     184     186     167     194
     177     190     181     186     177     161     189     172     176     167
     190     165     169     177     205     183     153     169     195     192
     181     188     185     153     187     188     194     172     172     190
     192     212     166     181     179     189     143     197     213     188
     185     195     191     195     193     224     198     207     204     222
     196     210     196     201     196     230     198     218     193     201
     209     207     189     206     205     191     221     228     203     198
     214     188     214     232     209     203     201     222     207     198
     228     232     214     231     228     232     215     210     205     226
     234     211     175     191     219     193     204     176     219     214
     191     189     187     182     162     193     216     202     179     186
     172     206     166     182     188     164     176     169     176     196
     173     156     181     193     164     211     158     189     185     193
     190     191     175     164     167     186     176     182     185     148
     173     165     181     160     163     160     191     195     176     175
     184     155     182     155     162     166     188     173     163     176
     163     160     182     170     162     166     177     173     172     166
     191     181     156     154     147     177     166     138     163     171
     173     160     153     190     164     187     146     188     169     166
     171     162     172     158     172     161     156     159     169     156
     161     175     164     150     170     151     163     167     167     192
     151     163     150     165     160     150     168     166     145     156
     162     170     163     177     141     152     189     165     149     152
     143     160     164     147     174     147     144     180     140     179
     133     165     158     155     164     148     141     147     154     167
     144     158     122     147     167     172     152     139     144     156
     151     150     152     156     139     140     159     151     137     149
     144     169     162     148     145     146     143     145     151     145
     151     141     148     153     168     154     171     163     154     167
     161     144     159     141     131     193     165     145     169     170
     144     145     134     167     138     159     142     145     130     152
     166     141     150     144     154     150     153     134     139     163
     146     142     168     151     156     134     152     124     135     161
     158     161     153     165     129     131     118     159     170     135
     114     152     141     146     150     143     151     140     149     155
     134     152     143     156     158     155     135     132     134     156
     135     140     137     124     127     140     160     129     141     167
     161     156     143     162     126     145     124     146     161     135
     162     151     138     154     142     149     131     146     150     146
     120     150     147     143     146     162     149     132     146     161
     138     152     138     155     125     133     148     144     139     139
     154     128     119     127     125     146     123     139     135     128
     127     129     141     148     153     141     156     135     148     147
     132     143     146     154     133     148     113     146     142     127
     124     134     146     134     129     130     132     139     106     106
     133     141     117     142     126     120     144     132     131     128
     122     128     128     112     132     126     129     137     106     102
     119     111     121     121     130     125     121     134     130     141
     125     129     145     139     129     126     117     134     134     111
     125     118     121     125     119     146     152     119     123     137
     131     105     119     120     126     126     108     117     123     117
     101     121     131     123     127     126     143     107     106     108
     116     112     112     130     111     117     118     112     118     122
     128     118     118     119     114     117     117     153     128     113
     116     111     124     121     125     112     121     119     130     107
     107     134     108     117     142     120     145     137     119     132
     102     122     116     118     107     122     118     122     137     153
     130     126     120     122     121     131     102     126     125     101
     103     119     113     110     110     107     138     122     119     113
     121     101     109     140      93     114     107     134     135     116
     118     118     113     119     104     132     137     111     118     107
     105     118     117     114     110     137      97     123     118     110
     120     104     107     118     127     106     134     111     121     109
     123     111     104     130      86     102      90     122     113     117
     117     116     123     105     110     111     107     131     119     124
     119     120     103     120     111     129     109     119     123     122
     118     110     120     121     114     104     105     110     125     110
     127      99      96     126     139     122     126     107     144     105
     107     113     122     128     120     124     127     111     105     118
     105     112      98     123     124     121     118     111     111     113
     105     128     123     109     111     112     122     117     125     117
     125     135     110     123     114      99     129     126     108     125
     124     134     124     119     127     126     132     121     121     116
     131     118     128     148     124     141     151     122     143     143
     154     141     160     159     127     144     151     163     141     152
     153     144     147     156     146     191     172     152     185     164
     141     185     196     177     208     173     213     224     182     206
     202     213     194     245     206     236     224     228     296     278
     266     297     288     318     313     349     374     342     358     349
     385     411     435     445     453     497     444     454     533     530
     477     508     563     608     538     596     612     653     652     590
     697     676     657     681     657     702     693     738     706     735
     719     718     726     713     716     792     702     765     668     715
     675     716     624     652     689     629     595     617     589     582
     521     580     581     521     492     473     453     457     438     452
     403     397     379     392     357     354     343     345     321     317
     272     255     265     267     233     231     248     222     209     211
     214     219     164     187     191     204     159     171     203     177
     173     181     173     191     176     198     162     170     192     167
     213     206     239     240     260     271     242     272     287     274
     344     324     353     371     363     366     426     373     394     454
     419     437     384     390     425     443     417     419     368     404
     384     386     368     357     290     319     293     282     261     259
     270     224     196     212     212     186     176  311446
