$Informacoes da Fluorescencia de Raios-X:
"Sample    : rbi_34698_16p",                                                              
"Operator  : ",                                                                           
"Comment  : cubatao-g-policarbonato",                                                     
"Group     : kerr2007ab13liv300al",                                                       
"Date       : 2018-04-02 17:05:51",                                                       
"",                                                                                       
"Mesurement Condition",                                                                   
"------------------------------------------------------------------------------------",   
"Instrument : 700HS2   Atmosphere : Vac.   Collimator : 10(mm)   Spin : No",              
"------------------------------------------------------------------------------------",   
"Analyte               TG kV   uA      FI Acq.(keV)  Anal.(keV)  Time(sec)     DT(%)",    
"------------------------------------------------------------------------------------",   
"Na                    Rh 50  530-Auto Al  0 - 20    0.8 - 1.2   Live -  180   21",       
"Channel_info_start",                                                                     
"Channel : Na",                                                                           
"Points : 2048
"Range : 0.000000 - 20.480000",                                                           
"Step : 0.010000",                                                                        
"Channel_info_end",                                                                       
$DATA:
       0    2047
       0       0       0       0       0       0       0       0       0    2048
       0       0       0       0       0       0       0       0       0       0
       0       0       0       0       0       0       0       0       0       0
       0       0       0       0       0       0       0       1       0       3
      14      49      23      57      41      50      49      36      41      55
      36      47      54      48      48      44      59      46      37      46
      39      57      48      46      50      55      50      52      48      50
      50      44      47      45      48      39      49      54      33      28
      37      40      34      35      48      31      45      37      62      46
      40      35      38      37      42      41      39      46      47      28
      42      30      36      39      40      39      32      41      40      42
      35      33      36      30      47      39      36      39      40      39
      31      35      27      28      30      33      36      38      34      28
      35      27      38      37      32      38      36      36      31      38
      31      39      39      44      42      46      33      32      46      50
      30      47      58      44      55      63      91      79      92      89
      87      86      84     100      91      79      73      85      96     103
     120     149     196     301     389     493     575     741     874    1046
    1067    1185    1162    1289    1071    1160     969     921     809     744
     562     557     448     372     315     264     209     188     132     126
     108     116      88      93      96     103     116     117     146     147
     136     165     133     156     129     146     139     101     112     100
      71      72      71      90      98      89     100     106     122     109
     123     108     109     103      86      97      69      72      69      65
      49      48      50      50      51      37      53      44      35      58
      49      50      40      63      56      78      66      89      85      82
      87      83      87      78      67      76      68      69      58      59
      51      63      42      47      42      57      45      53      50      56
      56      40      40      52      65      53      62      63      42      48
      59      51      48      53      54      51      54      51      45      36
      49      51      49      36      42      47      35      62      45      51
      41      46      44      41      36      40      57      44      47      42
      44      44      37      48      44      54      59      51      46      57
      46      57      45      53      36      65      56      66      64      68
      68      76      55      67      93      79      81      80      90      86
     107     138     152     190     210     272     235     311     314     370
     339     380     369     387     347     362     284     358     311     318
     327     399     424     551     705     854     909    1192    1241    1386
    1409    1501    1456    1549    1349    1314    1109    1059     918     855
     773     756     777     869    1061    1295    1671    2220    2661    3531
    4149    5285    5834    6829    6949    7681    7789    7792    7205    7254
    6004    5553    4532    3849    3140    2466    1845    1554    1137     952
     728     633     683     785     892    1250    1483    1910    2292    2742
    3218    3841    4064    4579    4884    5117    5028    4950    4710    4614
    4079    4092    3491    3232    2782    2551    2089    1852    1526    1333
    1155    1048     807     790     789     752     785     835     939    1060
    1014    1138    1198    1295    1219    1228    1137    1106     991     909
     787     690     567     464     383     378     302     259     249     217
     235     222     247     293     278     366     358     443     489     528
     620     661     618     639     642     639     582     502     520     429
     391     358     281     251     210     216     170     194     183     210
     219     239     255     320     317     396     366     467     372     405
     403     394     345     345     324     276     264     254     192     175
     150     153     134     138     104      98     104     106      90      92
      67      72      71      69      58      78      62      72      59      65
      59      63      66      76      69      84      72      71      64      73
      75      84      59      66      64      86      68      79      59      76
      51      88      70      78      57      63      70      61      72      74
      56      87      78      66      69      85      82      72      69      64
      92      70      70      75      82      88      74      89      78      74
      82      79      88      82      91      89      98      78      83      82
      90      87      92      86      90     116     101      96     101      98
     121     121      96     130     121     112      95     142     106     130
     126     137     132     123     152     140     144     130     151     135
     139     158     154     158     159     153     158     166     183     172
     177     177     161     183     180     172     160     196     178     167
     188     171     210     195     192     196     180     188     167     189
     184     200     157     175     178     183     149     181     188     178
     159     184     181     171     169     168     171     185     191     166
     172     174     160     158     168     170     188     153     157     181
     164     173     153     163     154     168     136     167     139     141
     150     171     134     146     141     169     142     141     132     158
     110     116     137     154     136     135     118     144     157     138
     119     149     140     127     135     134     125     122     135     127
     127     131     130     127     142     136     155     117     135     123
     115     165     121     115     120     148     121     150     136     152
     140     136     134     138     137     136     123     147     152     140
     151     135     144     136     142     149     132     146     150     136
     130     155     138     166     126     127     123     165     131     144
     176     142     148     164     158     160     155     167     186     171
     181     160     175     177     164     164     184     201     186     196
     213     239     247     207     257     260     266     257     246     261
     244     255     219     244     219     216     207     207     194     187
     200     189     176     186     135     159     156     156     144     141
     160     184     182     186     136     139     144     156     150     168
     164     144     157     169     147     163     188     194     208     174
     168     198     181     189     183     178     165     202     211     217
     232     238     220     267     253     274     241     297     294     284
     234     245     252     257     258     260     227     227     217     233
     210     202     188     186     183     204     183     190     172     183
     152     163     186     188     161     199     198     193     168     151
     174     196     165     188     161     167     160     180     168     155
     166     181     141     172     137     166     171     140     132     159
     176     167     132     124     132     130     147     142     175     150
     144     137     130     151     143     134     141     167     137     127
     154     138     132     149     149     173     115     141     138     163
     172     164     154     146     156     157     123     144     150     150
     154     154     148     138     131     136     139     155     148     149
     156     149     138     161     147     147     144     139     115     143
     142     135     153     123     122     153     140     117     149     142
     148     135     149     151     122     138     138     122     113     137
     126     141     120     115     115     127     122     137     161     124
     122     131     127     153     137     124     158     141     146     146
     155     149     114     167     143     140     131     154     122     139
     138     124     148     148     119     144     126     149     149     134
     121     132     131     116     143     130     149     130     140     136
     161     110     158     158     129     140     154     166     169     160
     135     125     137     146     147     163     127     161     144     150
     134     141     137     135     144     144     174     160     143     142
     159     182     124     157     147     134     156     140     164     141
     131     125     148     132     138     147     161     119     143     140
     144     153     150     136     142     148     146     143     152     134
     134     150     118     163     154     150     147     153     157     154
     150     164     151     152     134     133     127     141     163     144
     127     140     142     137     138     110     138     150     140     135
     130     116     135     132     151     132     117     123     153     157
     119     131     143     147     129     147     132     160     133     137
     142     133     121     137     142     137     141     153     135     131
     146     153     141     143     135     150     121     136     143     110
     134     155     129     125     120     146     124     132     119     139
     110     131     150     125     116     136     122     135      96     132
     142     116     116     118     127     105     137     124     132     148
     135     125     116     107     120     117     131     136     133     108
     127     133     116     125     131     124     132     137     125     137
     123     114     132     123     127     104     123     127     136     137
     138     140     123     130     138     123     117     131     126     139
     113     136     125     134     129     139     137     146     119     119
     136     121     141     132     139     135     129     129     119     134
     122     132     123     110     113     127     120     136     140     126
     138     117     119     115     143     148     115     134     150     141
     142     135     151     151     143     180     140     158     153     188
     163     157     157     175     194     160     157     201     200     201
     171     183     239     269     271     324     356     501     575     677
     825    1047    1243    1513    1921    2394    2677    3208    3954    4620
    5131    6012    6917    8021    8308    9795   10671   11923   12232   13401
   14266   15032   15100   15708   16064   16564   15622   15866   15656   15473
   14205   13945   13005   12436   10904   10159    9341    8696    7367    6805
    5684    5127    4136    3571    3082    2679    2080    1748    1402    1206
     968     751     610     526     423     305     286     264     218     205
     236     156     161     169     133     141     121     135     133     119
     134     119     122     146     124     127     118     116     124     120
     143     104     133     126     119     127     115     114     114     135
     118     134     113     115      95     113     104     124     112     106
     109     115     117     129     126     126     100     101     120     117
     120     110     112     117      95     108     122     112     129     103
     138     132     130     129     102     110      96     123     106     126
     125     125     143     133     113     130     106     108     139     125
     123     112     137     131     134     131     149     147     131     182
     124     153     178     171     175     169     201     239     238     238
     271     342     378     425     448     552     612     766     806     998
    1011    1210    1349    1473    1540    1706    1901    2141    2047    2181
    2411    2379    2443    2511    2593    2660    2426    2579    2444    2400
    2285    2118    2125    2044    1838    1734    1641    1579    1367    1272
    1186    1110     965     908     854     713     670     609     596     535
     447     484     433     431     386     332     366     312     287     261
     254     198     195     181     183     151     149     148     136     117
     116     108     125     114      99     108     112      88      79      93
      75      97      87      98      89      98      75      84      74      87
      87      91      80      91      87      86      87     107      91     100
      86      93     101     107      85     102      99      75      96      91
      85      84     102      82      85      95      84      90      80      80
      72      88      69      70      86      84      78      75     107      82
      69      84      69      83      76      88      83      73      76      76
     100      73      81      78      92      92      80      87      93      73
      92      76      95      79      85      88      69      97      76      79
      92      92      83      76      79      86      69      85      82      73
      70      81      71      74      80      82      76      89      81      89
      88      70      66      89      96      68      75      83      74      76
      72      86      78      75      56      72      72      81      72      67
      85      70      81      90      72      81      90      79      85      75
      74      73      82      76      78      75     101      83      64      76
      84      84      70      83      67      79      83      88      72      96
      87      75      84      71      87      67      78      95      86      92
      89      89      78      67      86      76      69      84      99      70
      78      90      82      85      85     100     100      86      79      91
      83      83      92      97      82     103      81      96      91      93
      83     104      97      75      79      89      79      84      86      81
      85      78      92      83     102      84      79     101      99      76
      87      96      92      66      90      74      68      72      79      98
      89      87      81      66      95      98      75      85      83      99
      81      74      95      64      95      78      83      80      85      97
      86      91      86      85      80      79      78      92      87     102
      90      76     104      82      80      92     108      92      72      88
      91      72      80      85      63      86      98      85      81      78
      88      89      82      79      68      80      85     104     102      96
      85      86      84     103      97      85      87      93      92     101
      87     105      98     108      84     101      97      98      84     102
     104      98     113     102     107      90      89      99     117      96
     133     117     119     124     129     125     134     131     131     132
     157     136     127     164     185     143     180     173     198     192
     168     225     194     226     196     255     207     232     235     250
     293     281     252     262     318     324     343     321     308     391
     370     358     377     413     412     399     454     445     452     404
     541     474     443     485     475     503     488     537     520     542
     516     500     496     512     498     513     435     478     452     481
     456     486     463     430     431     433     408     401     404     427
     396     363     365     362     309     321     329     321     291     272
     288     262     280     246     227     246     204     184     219     201
     153     184     165     173     170     139     154     155     119     141
     117     144     141     119     131     118      92     107     112     110
     122     133     104     124     130     123     134     153     143     126
     169     164     125     152     177     163     188     174     205     203
     224     247     275     275     290     242     305     261     296     301
     325     302     318     296     302     302     289     263     280     296
     264     283     259     239     210     236     232     188     208     166
     173     133     143     129     131     122     112   65593
