$Informacoes da Fluorescencia de Raios-X:
"Sample    : nb2o3_34690_16p",                                                            
"Operator  : ",                                                                           
"Comment  : micromater nb2o3 52.7ug/cm2",                                                 
"Group     : kerr2007ab13liv300al",                                                       
"Date       : 2018-04-02 16:19:23",                                                       
"",                                                                                       
"Mesurement Condition",                                                                   
"------------------------------------------------------------------------------------",   
"Instrument : 700HS2   Atmosphere : Vac.   Collimator : 10(mm)   Spin : No",              
"------------------------------------------------------------------------------------",   
"Analyte               TG kV   uA      FI Acq.(keV)  Anal.(keV)  Time(sec)     DT(%)",    
"------------------------------------------------------------------------------------",   
"Na                    Rh 50  378-Auto Al  0 - 20    0.8 - 1.2   Live -  180   19",       
"Channel_info_start",                                                                     
"Channel : Na",                                                                           
"Points : 2048
"Range : 0.000000 - 20.480000",                                                           
"Step : 0.010000",                                                                        
"Channel_info_end",                                                                       
$DATA:
       0    2047
       0       0       0       0       0       0       0       0       0    2048
       0       0       0       0       0       0       0       0       0       0
       0       0       0       0       0       0       0       0       0       0
       0       0       0       0       0       0       0       0       0       2
      21      56      53      67      79      66      66     111      71      94
     136     105     107     112     110     103     109      94      87      88
      81      93      74     103      93      70      81      77      81      75
      68      66      59      70      58      69      62      63      74      71
      60      57      67      76      67      71      77      78      72      68
      51      61      67      69      67      75      55      68      49      71
      73      59      77      58      56      83      60      77      67      56
      59      63      60      67      58      59      72      70      55      60
      48      45      57      54      44      63      50      44      59      64
      55      46      43      46      46      33      58      44      36      40
      44      37      48      46      34      37      53      47      45      43
      49      53      54      41      38      48      41      50      51      40
      42      51      36      41      45      43      43      45      47      45
      37      56      38      56      58      53      48      61      72      47
      66      66      81      57      70      94      90      88     102     101
     106     136     129     151     137     186     184     208     247     272
     257     294     289     308     331     316     338     367     305     340
     316     355     345     363     371     415     373     508     553     734
     930    1351    1537    2009    2377    2878    3173    3496    3482    3542
    3507    3463    3161    3022    2808    2611    2345    2197    2102    1919
    1685    1596    1395    1300     992     921     789     727     571     561
     387     358     274     232     202     157     150     141     102     128
      85      81      74      80      61      53      43      67      64      54
      54      62      56      67      66      87      79     100      99      86
      83      96      69      75      61      64      42      42      34      42
      32      38      41      27      38      30      26      44      40      31
      25      34      32      30      36      24      35      34      29      25
      20      36      22      25      31      25      18      25      32      18
      10      29      28      38      21      30      31      31      25      30
      24      26      29      25      16      23      24      20      26      30
      20      21      38      33      21      31      31      25      30      33
      26      33      28      32      33      28      33      40      24      26
      29      36      32      46      37      55      64      71      81     127
     169     209     256     343     360     554     595     733     802     835
     878     983     986     950     832     759     729     545     423     402
     290     252     163     134     130      90      68      64      61      51
      55      71      55      66      59      82      89     107      91     121
     122     133     131     164     153     164     135     148     146      99
     110      95      68      68      48      49      46      64      35      35
      29      44      34      33      29      31      34      36      27      42
      36      36      38      45      56      40      60      49      54      55
      49      35      42      45      48      48      31      57      53      50
      61      76      52      57      70      60      66      60      58      59
      74      73      62      62      69      66      73      57      76      62
      42      55      57      47      55      54      58      51      57      59
      53      62      53      63      57      67      58      49      55      52
      49      55      51      55      38      63      46      44      53      54
      40      56      49      59      53      51      41      52      55      55
      51      58      52      64      54      63      51      56      42      52
      47      72      42      47      57      66      44      78      53      68
      66      61      61      58      64      50      61      52      61      61
      54      54      70      71      54      68      57      72      60      53
      43      45      57      72      61      52      71      64      52      69
      55      61      61      40      52      56      57      67      79      58
      82      81      75      66      75      74      63      83      67      70
      63      66      69      52      59      73      73      58      81      68
      76      75      57      71      69      72      88      85      64      75
      85      82      94      69      85      83      76      76      82      95
      72      99      70      80     102      82      95      80      94      78
      82      74      85      94      79      91      89      88      81      79
     104      98      87      97     104     101     116     103      93      99
     104      91     107     135     105     127     103      99      91     115
     102      98     109     109      99      91      86     109     108     116
      93     106      94     110      96      88     116      94      99      85
     116     116     115     102     103      89      99     108      93     114
      99     104     101      96      97     110     101     107      99      90
     135     119     113     105     113      98     106     103     101     109
     107     116     112     116      96     110     113     120      99     129
     108      83     111     109     116     110     103      91      82     107
      97      84      91      96     104     101      95     108     109     109
      98     101     101     109     105     110      99     123     104      89
     108      82     109      94     115     112     115     116      87     106
      91     113     100     111      95     101     125     109     101     122
     100      90      93      89     101     119     107     125     119     108
     119     125      86     104      94     121     113     113      99     120
     121     129     106     139     111     131     136     136     109     115
     124     120     137     130     124     120     153     160     145     137
     141     146     178     193     179     168     168     157     184     167
     190     191     164     185     153     166     161     163     137     142
     128     129     132     121     128     111      97     108     107     115
     103     101      96     123     113     116     107     113     108      99
      96      87     106     110     116     109      90     126      97      99
     123     126     109     124      98     122     120     139     125     134
     146     157     158     179     153     172     164     166     152     194
     141     175     200     155     148     121     131     138     128     150
     116     128     134     122     119     120     115     108     130     111
      98     131     136     120     122     115     116     134     110     110
     115     110      96     122     119     114     107     107     106     108
     114      81      96      80      99      98      94     113      96      93
     110     113     105     108      93     109      99     105     109     125
     107     107      96     114      96      95      96     106      99      81
     120     112      98      97     110     108      82      91      95      86
      99     103      97     111     103     103     108     116     121      97
     102     114     111      97     107     109      91      83      95     105
     104     104     122     105      99     110      96      88     116      86
     117     108     101     103      88      86      93      99      98      83
      87     107     105     102     104      95     106      94     100      95
      99      99     115     103     101     102      85      95     110      94
     106     102      87     101      93     109      98     108      91     111
     102     120     111      94      80      98      97      97     100     114
      95      99      94     106     103     102     103     104     108     115
      94      96      87      86      87     103      87      82      91      97
      95     111     103      96     103      98     113     114      88     103
     120      97      96     111      76     102      96      91     105      93
     104      93      90     101     102      88      99      85      90      97
      79     107      96      96      94     102      95      86      89      89
      95     107      88     104      90      98     107      90      93     110
     104      97     100      97      88     116      98      99     114      99
      85      99     101     100      87     100      89     103      70      96
      83      85      84     106      89      80      95     103      83      89
     104      86      89      76     100      80     112      97      90      85
     106      91      97     103      94     101      85      70      87      82
     101     101     103      96      88      97      91      81      74     100
      90      96      87     107      90     101      82      91      95      64
      88      89      98      91      83      79      87     108      97      93
      99      86     109      90      90      79      87      88      94      80
      97     112      72     104      79      83      84      84      70      85
      78      91      91      82      86      91      97      91     100      95
      95      83     112     102      96      78     114      86      78      74
      84      97      85      96     101     106      88      86      99      78
      73      78     100      84      98      79      81      88     102      76
      87      76      86      76      89      89      87      79      72     108
      70      85      88     113      78     102     102     103      87      82
      63      90      75      83      80      88      87      89      97     103
      75      85      83      89      78      82     102      81      84      89
      77      85      75     100      74      90      78      94      94      67
      71      78      70      83      75      99      77      87      90      68
      58      79      97      71      81      81      73      81      82      88
      81      81      79      95      75      68      76      91      70      82
      88      78      89      81      79      85      98      86      67     104
      83      96      93      85      87      79      91      76      83      83
      69      72      81      89      75      77      77      88      85      62
      69      91      80      89      84      80      55      75      76      89
      76      84      74      62      87      76      75      66      70      77
      79      93      81      83      76      67      68      88      77      77
      87      70      77      73      72      87      95      81      89      88
      70      72      81      67      79      75      83      77      79      80
      79      83      66      83      76      74      66      81      69      71
      66      73      82      91      83      80      79      66      51      73
      81      82      83      80      84      69      63      88      87      78
      71      74      81      84      79      62      86      68      61      71
      73      90      83      62      69      68      86      88      76      77
      77      61      74      70      71      82      66      71      88      66
      77      73      56      78      81      70      66      89      69      71
      75      77      75      70      85      88      69      86      77      67
      75      71      61      71      85      74      86      77      73      91
      76      68      79      93      81      87      85      67      77      82
      80      61      64      78      57      70      70      88      73      95
      71      78      63      79      76      75      78     102      70      75
      88      83      64      79      83      66      62      87      98      88
      63      85      54      74      75      72      81      74      60      67
      74      81      69      94      71      89      76      86      84      83
      66      95      68      86      70      77      87      77      74      86
      75      91      66     106      67      76      64      67      81      83
      88      86      83      81      75      72      79      88      72      82
      86      76      79      70      95      96      93      77      89     108
      95      69     106      96      93      90      99      90     100      94
      84      84      93      95     100     102      93     106      94      97
     101     110      89     131     108     104     112     120     127     105
     122     147     129     104     137     152     134     158     184     213
     214     251     279     317     349     448     575     656     779     965
    1107    1392    1568    1943    2388    2833    3066    3728    4271    5016
    5352    6206    7075    7759    8307    9169   10542   11656   11469   12669
   13819   14658   14580   16153   16596   16933   16405   17262   17475   17543
   16572   17065   16482   16343   15235   14907   14271   13543   12305   12205
   10944   10321    8890    8289    7447    6882    5910    5240    4629    3970
    3177    2821    2452    2071    1635    1437    1175     992     713     667
     540     436     386     289     241     227     177     168     137     143
     122     121      97      87     113      96      90      90      98      75
      93     110      71      89      73      71      74      84      73      88
      87      80      77      82      72      80      59      82      72      69
      69      83      75      63      82      64      88      62      71      74
      78      62      64      71      68      72      61      84      75      60
      80      80      74      70      73      71      83      68      72      71
      58      67      83      73      85      78      53      76      69      81
      74      94      67      77      82      74      81      80      79      67
      78      59      98      78      63      79      77      78      72      76
      93      74      62      73      81      85      81      90      94      98
      93      94      74      78      72      88      93      95      85     101
      82     109      85      88     104      95      96      90      93     108
      98     112     107     113     101     113     119     151     134     139
     161     158     203     242     220     266     294     329     451     473
     489     587     734     752     848     940    1231    1286    1333    1550
    1665    1821    1900    2105    2209    2311    2393    2483    2559    2725
    2777    2824    2877    2958    2791    2905    2825    2710    2688    2597
    2490    2462    2159    2129    1978    1877    1746    1682    1693    1463
    1246    1225    1220    1096    1036     954     964     883     849     831
     849     806     777     778     789     719     760     750     726     714
     665     700     773     702     607     654     657     638     614     540
     625     555     505     536     538     495     447     414     444     466
     433     381     378     366     369     366     364     359     335     370
     323     373     300     324     304     306     297     272     283     276
     277     266     269     246     222     202     214     219     182     182
     228     186     178     150     150     151     164     155     145     124
     115     136     125      97     121     104      90     127      88      96
      76      89      73      79      84      78      76      90      81      78
      72      76      85      87      63      79      69      66      84      94
      84      93     101      78     100     102     108     126     125      96
     125     133     108     137     154     141     166     161     174     163
     159     185     171     147     160     168     131     161     157     161
     174     168     157     146     127     147     142     121     116     123
     105     102      72      99      77      87      69   27978
