$Informacoes da Fluorescencia de Raios-X:
"Sample    : moo3_34691_16p",                                                             
"Operator  : ",                                                                           
"Comment  : micromater moo3 50.4ug/cm2",                                                  
"Group     : kerr2007ab13liv300al",                                                       
"Date       : 2018-04-02 16:23:38",                                                       
"",                                                                                       
"Mesurement Condition",                                                                   
"------------------------------------------------------------------------------------",   
"Instrument : 700HS2   Atmosphere : Vac.   Collimator : 10(mm)   Spin : No",              
"------------------------------------------------------------------------------------",   
"Analyte               TG kV   uA      FI Acq.(keV)  Anal.(keV)  Time(sec)     DT(%)",    
"------------------------------------------------------------------------------------",   
"Na                    Rh 50  430-Auto Al  0 - 20    0.8 - 1.2   Live -  179   20",       
"Channel_info_start",                                                                     
"Channel : Na",                                                                           
"Points : 2048
"Range : 0.000000 - 20.480000",                                                           
"Step : 0.010000",                                                                        
"Channel_info_end",                                                                       
$DATA:
       0    2047
       0       0       0       0       0       0       0       0       0    2048
       0       0       0       0       0       0       0       0       0       0
       0       0       0       0       0       0       0       0       0       0
       0       0       0       0       0       0       0       3       0       1
      22      59      46      54      57      55      60      67      58      63
      43      58      59      59      63      78      67      56      74      80
      84     122     120     132     121     147     128     149     113     122
     113     116      96     112     108     105     100     103      87      75
      88     105     101      85      78      80      79      77      89      80
      67      80      75      84      65      67      82      65      69      85
      77      69      85      69      69      82      74      84      70      86
      79      66      67      69      72      74      68      79      68      76
      74      78      80      60      64      58      65      56      50      62
      63      59      58      55      60      58      60      67      48      59
      57      58      48      68      47      51      55      57      46      49
      60      63      54      51      49      64      61      57      50      46
      42      41      48      64      50      46      54      61      53      45
      44      42      48      49      58      40      47      56      46      71
      51      57      54      44      58      64      70      71      71      87
      74      84      76      78      86      84      75      92     103     117
     135     135     153     142     143     179     201     232     255     336
     302     399     411     420     369     362     369     374     337     329
     286     284     285     300     225     291     264     324     350     427
     526     685     853    1221    1527    2078    2421    2923    3320    3890
    3868    4102    4002    3922    3566    3541    3164    3176    2716    2701
    2343    2380    2144    2053    1925    1860    1573    1402    1232    1127
     905     851     727     645     507     503     385     354     265     260
     206     227     187     149     150     170     118     127     101     102
      65      72      78      83      64      87      53      59      71      78
      79      88      85      90      90     121     106     110      82      90
     106      75      60      67      62      46      41      44      43      40
      43      21      29      37      27      26      30      24      33      27
      30      26      35      28      30      32      24      40      42      36
      33      32      30      23      25      35      24      26      26      27
      54      34      33      30      25      29      27      34      32      40
      33      33      27      38      43      33      30      45      36      39
      43      48      51      45      48      63      56     111      93     156
     182     229     274     377     433     624     636     816     933    1020
    1041    1117    1098    1067     924     900     744     650     505     398
     354     267     189     170     133     114      85      91      63      65
      75      72      72      82      90      99      99     103     116     129
     130     154     150     180     168     168     164     181     144     133
     113      98      93      76      71      70      51      54      51      45
      35      44      37      48      45      32      46      47      46      47
      48      42      60      47      58      66      54      70      70      59
      59      55      68      67      69      74      61      65      61      74
      67      83      82      72      77      77      87      76      79      71
      69      90      75      76      70      81      79      75      79      76
      86      64      86      53      76      56      66      84      64      63
      65      67      53      59      47      46      68      76      56      58
      55      67      55      72      79      69      66      43      50      71
      64      50      67      71      77      67      67      62      72      76
      74      62      61      68      60      56      54      60      71      68
      75      60      75      63      63      59      68      64      53      64
      71      69      51      68      68      60      77      76      59      74
      76      68      68      66      80      77      76      66      77      72
      54      71      75      66      74      72      68      93      67      76
      67      86      71      88      86      78      65      86      97      64
      76      66      70      74      82      86      72      91      89      81
      72      78      84      78      82      79      68      88      88      92
      84      79      60      81      72      86      82      88      75      75
      96      92      99      85      99      89      90      89     101      93
      90      82      97     109      90     110     104      92     100      96
      84      81     100     122     106     112      96      87      87     122
     114     106      87     118     110     113     120     101     109     112
     130     111     112     117     121     143     124     125     132     114
     118     114     123     141     121     112     107     125     112      93
     105     118     118     118     116     120     124     108      95     119
     117     131     105     138     109     117     103     140     111     130
     113     122     105     138     125     118     144     131     118     108
     122     119     108     125     111     122     127     135     124     112
     113     131     110     122     135     117     113      96     105     113
     120     101     117     117     120     121     120     138     112     129
     114     104      99     129     100     122      99     132     109     114
     122     123     110     126      99     112     116     133      98     119
      96     118      99     118     120     118      97     123     119     123
      88     126     112     130     114     121     122     141     109     110
     121     123     107      98     116     125     108     105     137     109
     116     123     113     104     123     116     119     132     128     126
     128     130     128     133     132     133     144     129     142     158
     134     169     144     165     143     161     146     153     160     192
     168     176     155     191     190     197     196     181     221     196
     180     189     180     186     166     185     173     175     159     159
     133     149     128     146     138     130     118     123     117     118
     128     113     132     124     129     110     128     135     104     141
     127     126     118     104     146     124     107     130     112     122
     118     105     143     132     111     151     131     146     124     175
     138     161     163     164     184     174     201     167     184     201
     175     179     185     180     195     192     154     175     127     155
     143     144     134     127     138     158     120     135     158     123
     117     141     123     131      95     140     127     137     137     153
     119     148     130     143     118     119     123     122     120     124
     107     114      99     106     143     114     108     125     123     133
     119     121      98     118      95     131     102     103     126     127
     118     116     102     114     101     120     105     119     137     121
     125     104     103     105     123     134     114     131     126     121
     119     101     120     102     123     131     129      96     118     144
     120     126     117     124     104     125     106     132     122     128
     125     133     116     141     122     124     103     121     110     123
     122     117      98     116     122     114     102     122     125     134
     106     110     128     116     122     126      97     111     102     107
     103     102     116     119     105     117     110     121     113     102
     118     106     108     127     111     110     106     125     100     114
     129     110     117     113     114      89     102     111      91     106
      93     140      97     106     114     120     123     140     106     103
     121     116     112     129     127     128     112     120     125     105
     108     109     112     100     137     117      83     113      96     112
     119     121     130     110     106     121     100     122     128     134
     108     102      92     114      99     101     110     116     106     104
     103     106     116      74     109     105     104     111     105      95
      92     113     107     114     120     116     100      89      80     111
     112     121     109     116      95     122     122     106     103     106
      91      97     108     122      95     113     109     102      88     102
      97      95      92     119      99     103      95     108      97     110
     112     106     113     112     110     124      98     124     116      86
     110     102     108      98     121     107     102     101     108      96
      95     109      95     120     113     102     106      99      92      96
      85     102     107      86     116     102     109     111     103     112
      93     117      95      89      92      96      84     104      88      97
      86     104     107      95     103     112      92     104     110     114
     101      88     104     106     100      90     107     113     102      92
     104     107      92     106     100      92      89     110      96     111
      97     107      68      87      97     102      88      99     102     103
      98     104      88     101     106     108      92     103      96      95
      92      97      82      91     110      91      95      86     103      88
     112     107     106      97     121     102      93      79      87     101
      92      96     104     107      95      99      91     101      79      96
      92     101      77     110      98      92      75      87     108     109
      81     100     109     106      82     106      86      89      91      95
      83      87      97      84     107     108      91     113      93      99
      96     113      98     121     101      93      92     102      87      90
      82     112      88      86      90      93      95     107     100     105
      98      99     108      96      93      92      77      96      81     100
      88     100     102      85      96      95     108     100      76      95
      72      90      87      87      91      80      80      90      82      80
     100      77      81      87      78      87      90     114     109      96
      97      95      88     106      92      87      96     112      93      82
      91      85      84      78      89      92      88      92     108      91
      76      86     107      93      77      97      82     107      97      91
      79      85      84      86      95      95      74      71      71      89
      90      69      86      70      75      74      95      97      82     112
      77      98      75      86     102      83      82      83      90      90
      78      95      74      89      71      90      78      92      85      96
      92     101      80      89      97      85      74      76      82      78
      70      92      82      89      56      79      80      93      82      81
      83      83      91      81      82      90      85      80      96      95
      82      96      79      63      77      99      87     102      68      83
      79      76      77      69      93      84      86      96      95      86
      75      81      74      68      66      75      77      86      74      88
      77      95      75      89      83      69      80      83      65      99
      78      80      67      82      79      80      76     100      92      82
      85      78      79      77      74      71      78      79      86      69
      75      77      83      90      77      86      84      80      55      75
      89      91      82      76      92      96      82      57      81      92
      97      92      97      69      82      69      99      72      89      79
      74      83      59     100      89      74      83      86      86      64
      77      75      80      86      87      74      83      80      97      82
      70      79      83      60      76     101      64      78      79      78
      67      77      91      97      63      93      83      97      75      79
      93      77      79      91      89     100      63      82      70      90
      64      81      72      88      78      81      77      90      80      79
      95      81      65      76      66      86      79      90      76      85
      76      67      67      84      79      76      79      75      68      74
      75      96      62      82      81      76      71      80      77     104
      88      84     114      95      82      87      87      81      77      72
      86      65      93      72      95      91      68      96      82      88
      91      96      86      90      80      74      74      79      79      80
      90      96      82     102      86      96      93      87     100     106
      79     110      97      96      64      77     111      93      96     112
     113      90      99      95     118      88      98      99     101     103
      89     111     108     104     116      91     102     129     103     110
     122     118     113     116     130     145     133     154     142     166
     140     147     173     183     210     211     236     316     324     380
     484     563     668     761     882    1097    1278    1470    1915    2179
    2483    2819    3333    3967    4239    5072    5716    6344    6794    7716
    8634    9850    9825   10963   11818   12675   12870   13863   14795   15562
   15242   15925   17004   17050   16212   16747   16815   16753   16004   15631
   16415   15464   14158   13829   13176   12597   11475   10820    9925    9286
    7844    7280    6765    6207    5113    4635    4152    3536    3005    2626
    2139    1806    1556    1239    1029     884     654     566     457     425
     313     267     242     216     182     143     116     127     118     102
     110      92      88      91      97      97      82      72      77      95
     100      89     105      95      77      82      99      96      84      89
      65      86      92      72      77      92      90      77      74      78
      87      87     100      96      87      80      90      83      87     100
      79     109      75      99      82      77      80     100      74      95
      96     105      89     109     101      98     102      99      95     102
     100      81     105      85     106      86      98     106     113     110
      97      95     120     110     118     150     122     127     139     133
     139     132     109     151     146     145     139     163     161     164
     174     184     179     208     204     202     197     207     195     238
     244     259     254     266     280     281     274     306     335     327
     311     332     374     366     333     354     407     406     395     415
     436     380     407     416     421     457     406     466     448     440
     428     435     436     474     428     452     464     478     436     496
     479     552     508     567     626     642     646     735     836     896
     961    1035    1162    1194    1235    1463    1588    1751    1860    1898
    2120    2338    2296    2413    2621    2720    2579    2888    2924    3028
    2899    2947    2953    2910    2861    2770    2880    2760    2503    2476
    2447    2238    2104    1889    2054    1772    1538    1487    1322    1340
    1152    1061    1015     909     795     834     774     786     729     689
     702     709     648     623     650     633     676     605     601     631
     599     548     584     570     506     506     546     484     439     399
     425     369     364     348     305     267     285     258     229     237
     217     191     207     183     137     164     152     122     146     141
     130      92      89      96      97      82      60   31678
