$Informacoes da Fluorescencia de Raios-X:
"Sample    : baf2_34699_16p",                                                             
"Operator  : ",                                                                           
"Comment  : cubatao-g-policarbonato",                                                     
"Group     : kerr2007ab13liv300al",                                                       
"Date       : 2018-04-02 17:10:19",                                                       
"",                                                                                       
"Mesurement Condition",                                                                   
"------------------------------------------------------------------------------------",   
"Instrument : 700HS2   Atmosphere : Vac.   Collimator : 10(mm)   Spin : No",              
"------------------------------------------------------------------------------------",   
"Analyte               TG kV   uA      FI Acq.(keV)  Anal.(keV)  Time(sec)     DT(%)",    
"------------------------------------------------------------------------------------",   
"Na                    Rh 50  662-Auto Al  0 - 20    0.8 - 1.2   Live -  180   20",       
"Channel_info_start",                                                                     
"Channel : Na",                                                                           
"Points : 2048
"Range : 0.000000 - 20.480000",                                                           
"Step : 0.010000",                                                                        
"Channel_info_end",                                                                       
$DATA:
       0    2047
       0       0       0       0       0       0       0       0       0    2048
       0       0       0       0       0       0       0       0       0       0
       0       0       0       0       0       0       0       0       0       0
       0       0       0       0       0       0       0       0       0       4
      17      37      42      39      48      42      49      36      36      32
      41      27      39      30      27      45      39      47      37      37
      42      40      37      35      33      47      32      36      35      33
      49      31      35      41      40      41      44      51      44      52
      49      39      47      51      37      47      71      64      66      83
      94      76      86      66      74      67      48      76      58      54
      53      54      52      52      42      75      72      66      70      81
      86      77      76      70     100      77      85      80      87      66
      81      71      68      65      52      47      47      38      42      39
      51      44      42      49      40      48      48      37      33      41
      38      40      33      45      41      44      46      41      53      39
      55      40      42      47      40      50      49      47      52      55
      38      53      56      57      48      41      57      52      42      50
      44      40      49      45      59      54      54      52      50      62
      59      62      52      63      59      49      74      74      56      51
      64      46      49      66      48      68      49      60      53      58
      46      54      70      76      94     102     151     131     136     167
     133     163     163     181     162     145     148     137      85      83
      91      62      51      40      65      48      36      42      55      58
      51      59      46      53      36      53      58      59      48      40
      39      50      44      52      45      41      47      56      49      51
      58      37      55      60      47      54      54      49      49      42
      44      44      42      57      51      54      30      52      57      58
      67      75      73     100      86     104     126     122     137     167
     176     236     204     222     210     197     177     190     171     157
     137      99     108      99      79      63      65      62      67      81
      65      56      60      63      52      65      56      56      65      57
      70      88      59      67      86     114      93     110     112     138
     133     125     134     145     133     132     135     114     109      91
     109      96      75      71      80      89      64      76      69      60
      67      67      69      74      76      75      75      74      90      72
      77      76      75     101      71     108      93      91      83      97
      96      96      94     124      97     136     139     177     184     262
     316     422     499     642     775     969    1099    1326    1460    1649
    1686    1817    1664    1838    1579    1443    1267    1108     963     831
     641     537     413     302     280     294     281     280     345     397
     429     545     626     775     830     915     923    1060    1022    1145
    1041    1057     928     937     822     802     673     636     523     480
     397     396     374     308     280     255     244     237     235     223
     241     270     232     274     273     330     322     363     393     493
     548     665     790    1017    1192    1679    2108    2813    3661    4802
    6181    8161    9470   11781   13651   15961   17029   19321   20408   20802
   19429   19938   18225   17299   14663   13456   10783    9329    6995    5538
    4274    3303    2281    1804    1190     949     699     607     503     611
     666     863    1137    1509    1872    2500    3215    4159    4882    6404
    7594    8937    9772   11092   11705   12762   12341   13001   12553   12488
   11190   10704    9879    9356    7845    7232    6095    5354    4428    3799
    3346    2799    2266    2069    1732    1547    1348    1339    1348    1424
    1570    1846    1945    2265    2505    2741    2892    3326    3208    3412
    3319    3375    2916    2952    2565    2326    1779    1682    1345    1212
     863     779     571     491     395     364     321     285     276     292
     270     317     330     419     437     520     597     720     836     980
    1063    1328    1404    1643    1572    1788    1798    1871    1736    1697
    1558    1492    1321    1222    1046     843     747     661     566     542
     434     457     482     521     520     595     638     750     731     844
     885    1006     923     983     998    1016     847     916     831     810
     614     655     565     510     450     409     397     335     321     346
     353     349     316     285     247     293     273     256     252     240
     176     205     194     189     161     183     174     157     141     169
     158     169     163     173     144     157     173     171     179     164
     162     202     194     194     183     189     209     203     186     220
     220     232     217     192     202     196     210     219     215     209
     173     218     196     204     188     193     206     202     183     206
     202     190     174     201     205     150     184     181     191     187
     173     174     188     142     143     190     196     178     156     167
     160     153     190     156     164     157     149     154     153     146
     155     164     166     180     164     137     160     166     173     152
     161     167     154     168     200     163     156     163     138     156
     153     193     185     185     175     185     189     196     159     203
     163     193     204     179     163     211     204     195     184     184
     190     198     206     226     202     224     213     221     208     219
     208     204     233     204     193     223     230     196     215     222
     222     205     200     222     217     221     220     228     210     217
     220     174     178     217     212     221     200     197     196     224
     210     226     221     202     203     223     209     236     227     213
     215     217     238     223     227     246     235     247     230     227
     246     243     226     260     244     246     285     269     264     273
     292     306     304     336     321     353     340     394     332     363
     328     331     388     326     344     321     343     314     290     274
     275     288     261     239     262     249     228     219     214     193
     203     235     192     200     181     176     193     181     176     157
     181     149     188     175     179     219     177     172     176     174
     180     200     172     194     201     203     192     184     186     252
     222     297     262     249     275     276     245     276     273     282
     224     270     265     259     285     250     269     231     248     231
     206     242     220     221     222     224     209     210     211     225
     214     209     227     212     204     223     215     267     232     209
     211     235     222     242     206     230     200     236     207     212
     195     189     213     200     149     192     204     197     195     186
     215     202     203     231     212     222     221     218     200     252
     203     245     249     225     235     262     230     222     253     239
     232     252     220     241     236     239     249     224     224     190
     220     225     259     217     213     205     188     205     207     229
     241     224     206     225     208     212     224     238     201     223
     228     254     225     201     190     208     200     209     208     207
     235     223     159     194     190     210     164     191     195     167
     188     166     189     168     172     192     174     201     184     201
     163     185     186     187     177     163     164     178     170     201
     178     196     191     217     183     189     181     178     166     186
     193     195     177     158     200     154     181     190     186     195
     175     179     197     185     198     178     197     198     156     193
     164     191     174     184     168     209     189     176     195     208
     172     185     193     205     196     185     196     188     189     183
     154     189     177     160     180     203     184     189     170     177
     200     190     184     181     181     179     159     188     170     192
     175     195     161     174     170     152     174     195     185     181
     155     188     176     185     164     183     184     180     170     160
     171     179     172     176     161     189     188     177     170     175
     189     162     189     186     183     173     170     179     219     181
     187     163     170     181     177     185     205     190     164     178
     179     176     206     175     171     183     173     173     163     168
     188     178     161     143     164     201     187     164     155     190
     134     180     180     174     177     175     172     172     168     196
     161     174     161     185     156     174     162     163     170     172
     146     173     171     188     141     168     163     157     163     154
     162     170     148     144     163     169     156     158     148     167
     156     173     169     152     158     132     153     155     154     168
     166     162     158     153     152     151     144     161     164     171
     163     150     149     155     150     168     159     169     151     159
     156     143     128     144     151     140     132     159     169     155
     157     171     159     153     136     164     162     161     154     143
     163     170     142     132     159     173     122     145     145     167
     154     129     159     151     144     139     176     144     167     170
     177     143     168     157     137     161     155     153     144     132
     141     138     158     173     128     134     153     171     152     151
     163     154     139     159     146     158     151     151     153     170
     145     163     151     151     167     158     126     158     125     151
     177     146     133     172     156     140     124     143     155     153
     146     146     140     137     139     144     154     149     117     127
     155     145     143     122     142     156     152     180     146     143
     138     139     166     174     129     139     155     141     146     151
     145     142     151     158     152     153     119     127     154     166
     163     151     125     127     128     135     129     119     123     126
     121     143     112     125     148     141     111     124     163     148
     121     128     117     131     138     139     129     133     122     129
     127     137     116     139     124     129     126     141     137     135
     114     136     131     139     129     137     128     125     140     152
     156     167     155     155     119     133     120     149     140     149
     174     142     146     144     127     137     174     157     151     159
     148     160     162     143     153     150     120     146     158     190
     125     153     142     153     140     155     146     125     144     133
     151     137     144     131     109     140     116     143     126     133
     110     126     120     119     123     120     140     128     121     105
     118     134     131     121     121     107     132     125     122     131
     133     123     138     120     105     137     136     134     134      97
     109     121     129     102     135     121     104     149     117     138
     136     115     129     155      94     138     132     128     128     129
     131     120     122      99     109     131     111     116     138     108
     117     127     133     131     105     105     115     131     112     123
     105     114     139     119     138     126     105     115     124     121
     106     131     115     114     122     115     143     123     119     127
     117     123     120     107     128     101     106     117     128     111
     100     131     118     111      91     126     122     115     109     116
     117     115     103     108     108     133     100     133     110     136
     102     116     110     115     114      99     129     122     116     122
     118     129     107     128     125     139     119     126     119     123
      99     138     133     121     110     127     105     124      94     115
     121     114     108      93     128     127      97      90     120      98
     106     104     110     108      96     116      98     106     121     108
      96      99     118     102     109     117     122     104     102     100
     107     108     108     114     111      90     110     127     114      97
     115      90     102      92      89     103     105     107     114     120
     104     112     117      98     106     122     111     108     104     120
      85     115     117     101      88      99     114     104     114      86
      98     105     111     112     111      89     115     110      94     119
     107     120      94     117     119      96      96      86     115     117
     105      81      91      97     105     101     115     109      91     111
     106     115      92      91      81      86     111     103     108     104
      82     109     107      92      97     102      89      73     121     100
     106     103      97      85     112      72      98      81     106      97
      98     112      85      94      93     101     103     114      87      92
     109     102      96     104     104     119     105      87      88      94
     105      91      87      97      91      91     103     104     102      96
      96     101     107     111      96      92      86     111      96      98
      97     115     101     105     106     109     103      99      89      97
      89     106     105      88     117     100     121      93     111     109
      92      94     112      86      90      92     101     124     103     111
      99      99     102     107      87     116      99     107     107     117
     132      93     110     109      91     109     110     117      90     109
     128     109     103     121      94      88     117     110     125     116
     111     125     114      97      94     116     135     123     114     121
     132     142     103     122     135     133     117     128     126     112
     135     134     121     117     122     121     133     120     129     144
     132     126     122     144     127     143     133     135     139     141
     135     141     184     155     154     150     164     157     156     164
     180     200     191     184     226     196     203     178     223     238
     198     239     263     266     255     252     283     309     291     319
     348     346     353     399     397     395     369     437     452     477
     441     454     508     482     482     529     516     553     591     560
     603     553     545     602     564     657     654     595     670     666
     652     595     618     663     606     602     599     627     635     634
     624     525     606     578     570     565     478     500     508     531
     496     473     468     449     427     371     405     409     383     378
     358     319     341     316     297     289     301     280     274     239
     208     226     206     237     183     189     205     192     172     173
     184     164     155     128     176     132     129     150     148     160
     148     129     149     197     137     159     167     185     183     208
     211     224     228     242     258     269     273     283     310     310
     298     332     354     380     381     382     401     436     397     436
     443     470     425     402     462     448     408     401     391     369
     384     346     356     274     301     272     252     248     214     202
     209     207     160     187     151     144     136   67028
