$Informacoes da Fluorescencia de Raios-X:
"Sample    : sb_34696_16p",                                                               
"Operator  : ",                                                                           
"Comment  : cubatao-g-policarbonato",                                                     
"Group     : kerr2007ab13liv300al",                                                       
"Date       : 2018-04-02 16:57:01",                                                       
"",                                                                                       
"Mesurement Condition",                                                                   
"------------------------------------------------------------------------------------",   
"Instrument : 700HS2   Atmosphere : Vac.   Collimator : 10(mm)   Spin : No",              
"------------------------------------------------------------------------------------",   
"Analyte               TG kV   uA      FI Acq.(keV)  Anal.(keV)  Time(sec)     DT(%)",    
"------------------------------------------------------------------------------------",   
"Na                    Rh 50  712-Auto Al  0 - 20    0.8 - 1.2   Live -  180   21",       
"Channel_info_start",                                                                     
"Channel : Na",                                                                           
"Points : 2048
"Range : 0.000000 - 20.480000",                                                           
"Step : 0.010000",                                                                        
"Channel_info_end",                                                                       
$DATA:
       0    2047
       0       0       0       0       0       0       0       0       0    2048
       0       0       0       0       0       0       0       0       0       0
       0       0       0       0       0       0       0       0       0       0
       0       0       0       0       0       0       0       0       0       1
      36      68      55      61      62      59      68      65      60      72
      60      56      70      64      54      65      64      77      43      60
      64      58      70      80      53      54      46      59      65      53
      71      62      65      68      61      60      65      69      64      74
      68      57      70      54      58      71      45      76      58      86
      62      65      51      45      54      66      57      76      56      51
      48      59      58      63      45      53      59      50      56      55
      66      61      53      51      63      66      42      40      49      53
      71      64      74      66      64      58      66      65      69      61
      56      57      58      74      57      56      65      73      69      68
      70      71      77      65      70      75      68      82      70      89
      60      75      71      80      86      80      80      83      75      83
      74      62      71      87      82      77      84      82      77      76
      79     100      75      80      66      89      76      75      94     109
      73      95      73     102      98     125      95     104     135     158
     160     195     201     239     263     266     283     284     277     304
     249     254     231     192     187     205     188     199     209     257
     232     253     247     232     235     241     235     249     228     237
     188     228     198     203     196     212     168     157     127     167
     115     138     107     119     118      99     123     101     107      90
     103     117     105     120     108     100     108     114      92     116
      99      85      92      79      58      68      73      78      82      63
      80      84      76      75      74      72      68      84      71      75
     105      88      71      91      74      88      89      82     116      87
      88      95      85     118      87      85      77      91      86     108
     104      98     112     120     107      91     109     133     102     135
      87     120     127     123     145     123     125     134     119     129
     124     129     122     153     157     119     180     190     184     223
     254     290     358     425     507     537     633     774     780     947
     853     904     902     901     848     763     698     610     554     509
     403     412     371     351     358     393     326     417     358     450
     493     545     528     622     697     717     760     971    1121    1429
    1731    2460    3117    4414    5552    7414    9031   11706   12825   15367
   16695   18532   18468   19523   18904   18735   16512   16167   13704   12244
    9821    8530    6789    5907    4706    4460    4112    4207    4322    4880
    5808    6785    7533    9096    9774   10988   10991   12126   12061   12360
   11470   11395   10614    9901    8555    7851    6943    6293    5246    4887
    3896    3598    2920    2769    2476    2453    2282    2331    2425    2603
    2620    2688    2682    2745    2584    2533    2263    2156    1737    1622
    1373    1207     942     926     705     637     552     572     542     659
     768     819     956    1103    1103    1184    1254    1378    1269    1405
    1243    1216    1103     929     862     787     596     565     489     417
     393     405     431     472     511     594     684     811     801     899
     918     924     921     994     891     938     830     741     655     662
     500     419     353     309     301     234     205     176     160     138
     114     113     112      90      97      94      79      84      80      77
      63      85      72      87      83      70      88      92      83      70
      72      79      79      94      86      79      89      92      92     106
      86     115     106      90     138     120      91     106     100     132
     107     128     104     121     130     130     134     142     133     125
     128     123     123     134     128     122     124     131     114     134
     131     137     128     134     122     120     130     131      97     104
      88     123     109     105     114     129      99     115     122     106
     115     114     123     107     118     112     102      92      89     108
     120     114     113     109      92     113     109     121     131     127
     105     109     113     109     101     123     121     149     133     146
     135     149     129     160     146     135     162     169     166     164
     172     193     173     201     191     193     207     196     227     187
     210     208     221     209     227     216     218     251     198     230
     214     194     216     222     209     218     197     182     181     199
     211     195     227     204     195     179     183     189     190     230
     194     233     172     201     172     174     169     212     194     199
     159     147     191     187     178     168     172     154     195     151
     160     163     169     168     168     169     160     167     171     194
     169     181     177     191     182     154     177     225     192     192
     143     207     192     180     193     217     190     209     195     223
     203     213     245     239     220     204     217     238     211     241
     232     201     227     249     243     247     248     221     201     251
     239     262     232     241     193     224     256     240     232     222
     242     208     237     230     266     235     222     247     241     255
     238     238     214     253     223     243     256     236     237     240
     256     248     224     247     221     265     197     233     230     226
     240     240     217     224     238     256     211     212     219     252
     227     219     227     232     216     212     187     208     216     217
     190     225     234     240     222     256     224     246     213     233
     232     231     238     252     223     251     245     260     250     286
     245     258     243     271     269     272     293     326     305     324
     350     358     325     350     352     381     368     343     375     390
     330     353     351     340     286     304     293     301     280     263
     272     226     187     240     220     257     239     222     189     207
     174     196     206     195     164     179     204     176     199     206
     175     186     179     214     195     250     187     211     213     210
     217     203     218     239     263     242     267     276     278     253
     270     264     316     324     355     358     323     349     350     317
     297     326     307     316     316     324     302     276     258     353
     287     271     275     231     256     283     235     230     277     293
     246     253     276     275     253     223     241     282     249     272
     258     254     232     278     252     251     210     255     254     255
     213     227     230     271     237     253     233     246     223     212
     217     226     242     254     235     238     234     214     262     233
     220     248     230     240     205     212     238     218     210     228
     228     241     220     201     223     213     191     237     196     206
     180     220     203     227     234     193     228     208     190     223
     213     226     175     195     193     206     188     187     217     204
     178     220     179     166     150     213     197     172     195     175
     189     217     193     202     181     179     157     178     176     176
     169     190     203     220     198     175     182     190     183     191
     193     210     186     197     191     189     194     184     179     214
     182     201     205     203     202     192     205     199     217     208
     204     207     176     199     196     222     210     217     186     212
     197     207     203     207     210     203     222     225     209     205
     204     226     198     227     214     212     230     226     196     226
     222     222     227     213     248     240     232     232     250     243
     246     226     243     258     217     249     231     224     214     252
     196     224     224     206     211     225     225     198     195     184
     218     209     192     212     196     205     199     214     197     160
     196     190     194     211     154     189     194     194     167     178
     189     202     198     198     186     203     193     194     183     183
     196     187     177     182     189     202     181     207     182     182
     205     194     169     177     177     178     175     186     192     207
     187     171     183     192     172     174     182     198     181     187
     180     177     169     163     177     177     181     194     186     208
     166     157     182     195     161     195     178     169     179     177
     175     196     195     186     184     156     187     172     167     171
     180     166     181     214     193     177     183     201     182     168
     156     207     176     205     203     175     171     179     197     195
     194     202     179     180     159     182     201     187     173     184
     193     192     175     174     193     213     192     222     193     180
     197     187     179     179     188     184     202     191     176     188
     206     201     182     176     194     199     204     191     181     196
     175     175     178     196     180     180     187     210     162     182
     153     163     197     160     165     175     176     174     165     160
     162     160     149     180     181     162     196     190     160     171
     184     169     146     178     176     163     161     171     174     164
     161     196     132     176     158     166     160     169     176     162
     197     189     179     154     166     171     152     166     156     160
     142     176     189     174     178     192     140     157     148     172
     186     173     142     140     178     195     174     137     167     149
     137     173     153     190     164     143     163     184     146     150
     142     166     153     160     153     163     136     158     147     165
     163     177     152     158     163     135     154     163     165     156
     150     131     173     152     190     175     140     135     149     173
     129     151     152     147     145     159     143     176     142     166
     167     167     161     145     159     197     128     168     145     162
     116     154     164     165     158     129     149     143     154     150
     118     160     149     132     167     166     138     142     152     165
     163     142     143     162     132     153     143     159     145     148
     143     146     138     146     151     157     146     160     163     145
     143     153     130     157     146     150     152     163     134     180
     153     139     143     151     147     116     146     153     148     134
     123     145     143     159     143     151     151     138     135     144
     145     147     138     129     152     144     139     136     129     156
     119     134     149     128     152     132     148     148     151     142
     135     138     136     142     136     109     137     136     132     149
     154     130     138     140     131     150     139     145     133     116
     132     118     156     124     148     161     143     146     134     133
     128     146     131     130     134     117     130     133     128     130
     122     118     115     134     130     142     121     118     165     122
     132     146     144     130     142     112     131     123     129     116
     128     130     137     130     153     114     116     118     145     124
     105     147     121     117     110     139     140     131     157     140
     143     130     149     139     108     123      98     138     136     103
     127     119     123     135     107     108     125     120     122     113
     123     117     125     116     124     129     132     120     125     105
     100     117     145     127     124     116     124     127     124     128
     127     122     107     150     127     124     121     115     131     116
     127     124     123     129     129     116     133     132      90     107
     116     136     135     115     118     146     106     116     112     123
     110     130     105     105     137     123     130     133     110     121
     128     131     116     108      86     124     129     135      95     110
     127     108     117     134     100     134     128     119      94     144
     130     113     122     128     128     106     115     131     120     139
     117     109     110     125     105     101     122     121     124     122
     124     122     127      97     127     128     127     131     110     102
     109     103      98     110      93     123     115     103      97     117
     106     104     101     114     114     117     115     119      90     112
     102     124     123     101     117      76     120     130     128     131
      92     115     120     127     109     121      86     115     107     108
     101     102     133     121      92      99     112     121     122     115
     117      97     110     110     121     108     113     117     120     128
      94     128     123     105     110     106     123     101     115     108
     115     103     122     117     101     123     124     130     110     117
     120      99     103     124     121     108     102     131     104      97
     132      99     100     103     124     104     106     116     109     118
      97     108     109     108      95     127     127     128     108      93
     117      93     107      87     109     139     112     104     109     108
     110     117     122     105      92     144     134     113     109     105
     100     129     103     121     105     118     104     118     134     102
     114     115     116      93     106     102     107     122     107     125
     118     123     115     124     108     105     104     130     134     129
     109     112     103     110     119     121     127     134     108     117
     127     127     128     144     127     130     122     134     119     129
     133     140     102     135     119     161     153     153     138     134
     136     147     152     131     177     145     128     154     151     158
     143     158     169     169     165     194     173     186     189     177
     224     204     184     242     201     223     262     240     248     299
     236     264     286     283     273     314     320     312     325     335
     352     388     382     401     395     430     462     437     498     524
     479     544     498     512     532     529     587     563     579     617
     659     590     607     632     639     651     645     643     683     651
     672     663     655     666     664     671     672     676     622     633
     656     613     638     569     592     569     528     562     547     513
     503     470     498     512     414     441     433     416     387     417
     381     376     324     323     323     334     261     282     298     263
     228     253     245     255     256     198     224     220     214     228
     181     183     173     181     218     196     157     178     172     159
     167     160     179     151     173     179     204     216     191     226
     223     255     227     285     281     294     294     295     321     359
     326     364     379     408     399     425     494     467     419     441
     463     479     439     468     446     490     462     478     420     419
     370     370     368     380     294     270     311     279     263     205
     245     216     223     195     147     166     143  160563
