$Informacoes da Fluorescencia de Raios-X:
"Sample    : laf3_34700_16p",                                                             
"Operator  : ",                                                                           
"Comment  : cubatao-g-policarbonato",                                                     
"Group     : kerr2007ab13liv300al",                                                       
"Date       : 2018-04-02 17:14:44",                                                       
"",                                                                                       
"Mesurement Condition",                                                                   
"------------------------------------------------------------------------------------",   
"Instrument : 700HS2   Atmosphere : Vac.   Collimator : 10(mm)   Spin : No",              
"------------------------------------------------------------------------------------",   
"Analyte               TG kV   uA      FI Acq.(keV)  Anal.(keV)  Time(sec)     DT(%)",    
"------------------------------------------------------------------------------------",   
"Na                    Rh 50  712-Auto Al  0 - 20    0.8 - 1.2   Live -  179   20",       
"Channel_info_start",                                                                     
"Channel : Na",                                                                           
"Points : 2048
"Range : 0.000000 - 20.480000",                                                           
"Step : 0.010000",                                                                        
"Channel_info_end",                                                                       
$DATA:
       0    2047
       0       0       0       0       0       0       0       0       0    2048
       0       0       0       0       0       0       0       0       0       0
       0       0       0       0       0       0       0       0       0       0
       0       0       0       0       0       0       0       1       0       5
      29      30      41      36      47      27      37      34      32      42
      24      30      39      30      35      41      34      33      36      32
      31      49      29      34      47      34      42      47      36      45
      40      48      49      42      47      47      48      37      40      47
      48      40      39      44      29      37      55      45      54      53
      57      68      63     101     110     109      93     102      89      96
      89      77      79      67      45      60      54      72      50      42
      58      74      69      80      94      86      82      93      96      92
      82      94      96      89      84      74      72      73      60      51
      56      66      46      42      58      51      40      47      46      46
      35      40      30      41      46      48      52      37      38      44
      67      36      38      58      44      50      46      48      52      40
      48      46      32      34      30      41      53      34      36      45
      34      34      36      35      46      35      37      44      57      50
      46      52      62      69      51      38      53      40      39      29
      41      48      66      47      53      47      65      51      49      59
      60      53      81      92      93     124     114     155     153     166
     167     195     166     159     162     143     123     135      93      98
      67      56      50      59      54      50      40      36      45      49
      56      40      39      62      38      46      32      36      34      38
      51      37      31      39      42      42      39      50      52      52
      40      44      47      34      48      44      34      54      31      32
      41      46      49      37      37      39      46      42      49      56
      39      36      34      49      56      41      49      42      48      63
      51      62      62      58      59      58      53      68      50      72
      84      77      72      91     101     107     131     162     154     185
     173     206     185     217     172     152     145     135     119     118
      82      92      76      69      67      68      58      67      64      57
      34      54      75      45      39      55      64      54      59      75
      74      81      72      63      72      87     105      97     111     134
     131     142     131     125     124     143     128     120      96     110
      99     107      86      81      79      76      68      83      71      73
      90      77      88     101     102     115     141     161     200     273
     328     444     556     691     866    1071    1181    1568    1622    1836
    1767    1947    1933    1869    1677    1545    1302    1174     965     845
     657     533     398     322     255     220     181     166     152     154
     115     165     139     151     170     183     196     248     267     275
     349     432     416     471     526     553     602     687     710     855
     764     885     939     979     961    1021     927     902     777     732
     660     606     490     460     395     370     289     281     230     220
     200     219     203     223     202     213     207     242     213     265
     253     259     252     291     332     358     377     433     555     640
     691     997    1105    1561    1913    2625    3344    4573    5426    7033
    8610   10932   12150   15193   15552   18157   18346   19633   19527   19778
   18074   17237   15860   14020   11412   10014    8220    6560    4923    3722
    2808    2043    1463    1107     819     663     451     454     446     447
     494     602     704     969    1198    1665    2217    2986    3647    4655
    5645    7068    7726    9069   10156   11149   11381   12190   12557   12558
   11751   11958   10463   10039    8686    8156    7040    6490    5210    4945
    4007    3505    2935    2540    2140    1906    1584    1400    1210    1265
    1249    1294    1345    1601    1664    2064    2272    2626    2801    3080
    3143    3331    3129    3335    3081    2934    2647    2471    2069    1925
    1502    1361    1080     928     725     585     474     428     348     313
     288     272     262     286     267     300     312     366     336     412
     461     556     687     738     863    1124    1137    1384    1401    1559
    1671    1800    1737    1789    1792    1794    1561    1464    1305    1231
     982     932     740     723     541     534     489     502     463     538
     514     652     643     710     774     897     857     955    1040    1063
     982     957     930     829     799     794     699     632     607     534
     497     503     385     377     367     375     346     331     316     412
     317     319     302     286     284     278     240     260     245     254
     254     223     202     245     211     206     202     229     220     203
     213     203     201     209     168     200     188     208     190     188
     221     196     192     179     193     207     202     206     222     211
     206     192     200     237     218     188     183     194     175     227
     186     189     168     203     212     208     211     214     187     205
     193     188     188     190     169     189     187     144     177     175
     188     193     160     181     175     172     172     184     181     196
     166     185     179     161     136     158     153     183     179     137
     171     186     159     198     141     154     157     167     192     172
     157     176     163     185     169     175     191     178     181     189
     152     180     197     202     197     191     175     206     217     200
     187     219     196     188     184     210     212     225     197     204
     202     227     225     210     210     219     219     205     227     232
     212     240     242     263     209     244     228     295     224     243
     228     242     249     266     272     274     249     286     259     279
     287     295     260     295     287     284     284     273     277     351
     309     291     283     310     334     373     321     330     340     370
     338     354     343     319     299     339     301     292     257     266
     247     237     219     246     222     188     210     196     212     215
     218     190     194     189     183     178     211     194     180     198
     198     205     184     220     179     187     197     227     187     203
     206     218     204     210     198     223     225     238     256     225
     266     258     256     274     286     284     269     321     283     269
     300     292     314     314     244     279     259     243     223     242
     228     265     208     207     192     227     197     202     191     210
     187     209     203     219     237     189     218     220     171     212
     192     207     175     194     217     203     201     183     180     200
     180     212     172     191     179     196     190     193     198     170
     185     195     197     177     201     185     209     203     209     223
     211     225     177     229     212     201     227     217     198     213
     223     227     211     233     240     202     202     204     222     194
     215     217     206     219     206     241     235     231     202     181
     218     219     212     219     214     219     221     230     222     226
     214     243     238     235     207     249     256     244     201     222
     272     213     229     222     257     237     215     218     215     210
     218     183     238     220     230     214     245     224     214     191
     220     209     201     221     173     230     208     191     213     202
     217     225     210     189     201     201     220     232     178     196
     241     204     169     218     204     211     197     202     220     209
     195     183     196     173     175     194     213     174     177     226
     186     208     167     218     187     194     188     222     184     192
     171     184     190     186     178     188     196     196     189     170
     171     200     167     170     176     180     181     180     184     205
     192     172     169     187     166     189     168     173     172     194
     192     192     158     181     174     201     191     198     195     214
     185     184     175     188     209     173     192     185     175     166
     215     186     195     198     203     188     175     219     178     188
     185     163     185     176     168     174     176     185     166     178
     206     167     177     196     188     206     181     192     194     180
     179     175     170     167     195     185     176     176     173     195
     161     177     178     193     188     184     163     172     187     171
     162     200     188     188     167     193     174     207     165     181
     170     152     162     181     183     176     161     186     154     145
     185     197     174     201     165     186     176     161     161     172
     186     187     185     168     195     174     185     157     167     154
     180     171     168     197     156     172     173     190     161     174
     174     167     159     173     153     161     179     166     168     176
     168     163     183     149     145     172     176     172     163     149
     155     165     172     159     167     156     172     154     170     167
     169     157     166     163     177     158     172     160     158     162
     168     171     159     180     165     160     138     144     185     146
     153     141     143     138     134     176     149     170     163     155
     156     125     136     149     152     166     163     159     165     154
     151     154     184     148     178     155     166     150     152     178
     171     138     156     176     163     152     143     168     176     162
     139     152     149     202     169     167     148     149     146     140
     158     158     161     157     177     159     152     141     174     145
     158     150     151     151     161     163     166     156     134     169
     168     171     144     155     141     144     134     166     132     151
     171     167     162     170     152     163     165     175     157     162
     146     123     151     143     146     200     151     158     114     155
     152     138     154     152     158     129     132     170     135     145
     149     186     142     149     131     174     137     150     158     140
     174     153     167     150     139     134     166     141     153     135
     143     144     136     146     160     161     156     135     149     136
     153     156     151     152     138     141     156     155     139     123
     146     135     121     146     117     140     129     106     153     148
     135     141     131     134     115     148     121     145     133     132
     151     158     132     158     143     142     131     121     144     143
     133     160     119     157     131     105     120     142     109     137
     134     141     119     124     144     136     153     142     125     154
     126     116     119     150     139     131     141     139     134     120
     114     127     126     116     123     156     118     117     116     133
     118     121     136     148     131     139     134     142     128     122
     142     141     133     126     129     139     121     141     113     115
      99     137     127     124     126     128     120     134     134     119
     133     139     141     126     134     139     114     128     117     122
     121     126     128     134     126     133     134     133     131     143
     136     138      97     119     139     136     120     116     129     128
     114     117     156     145     113     122     136     121     123     133
     108      99     127     139     133     119     109     136     111     114
     115     138     119     114     103     114     135     119     114      96
     117     129     119     124     125     101     100     142     132     144
     129     107     132     108     108     121     121     113     119     113
     114     101     119     120     127     121     114     102     108     118
     110     100     125     131     117     111     115     117     134     132
     108     116     105     122     122     133     128     105      99     132
     109     107     113     131     113     118     100     109     131     117
     123     102     122     126     119     105     117     117     114     121
      98     108     110     137     120     124      92     110     125     123
     104     114     120     110     129     115     104     117     128     120
     109     103     109     109     111     104     116     109     125     104
     125     109     117     101      89     119     111      93     111      99
      97     113     116     118     116      89      96     123     111     128
     113     113     101     102     124     106     100     113     123     109
     115      88     113     109     132     106      98     128     107      94
     100     126      98      87     111     114     117     116     106     114
     121     103     108     109     113     111     115     101     111      84
     108     108     111     111      88      96      83     108     105     101
     114     114      98     115      89      89     102      94     103     102
     101     111     108      94     102     107     101     105     105     101
     103     136     124     107     103     124     114      93     115     116
     124     109      99     114     129     101      97     117     108      92
     107     107      88     101     111     103     119      99     103     117
      98     108      82      92     111      93     111     102     103     114
      96      94     116     113     102     124     105     115      88     118
     119     117     119     105     101     110      99     110      96     103
     105     123     116     127     101      97     106     119     106      90
     105     115     120     110     119     115     108     114     103     118
     103     110     109     136     121     122     113     108     102     119
     122     133     106     142     122     118     123     137     152     123
     110     105     117     139     139     137     109     144     123     113
     129     138     136     129     167     150     139     156     156     171
     143     194     186     145     154     179     159     179     163     168
     211     185     218     212     203     241     243     238     241     231
     241     266     292     317     281     308     302     322     291     315
     351     392     383     374     423     435     431     445     450     501
     435     484     505     584     524     573     548     556     601     628
     669     644     616     623     621     721     653     603     720     697
     668     675     692     702     616     713     644     736     627     622
     612     665     624     598     606     627     538     563     571     569
     523     519     532     456     419     492     440     417     395     374
     378     364     344     326     302     318     300     257     304     306
     258     247     229     238     232     233     188     197     184     189
     171     183     161     170     167     180     170     158     168     150
     163     178     166     152     165     167     191     209     172     204
     222     270     236     222     270     298     287     312     306     352
     308     391     334     399     378     388     447     417     465     453
     415     471     454     404     429     454     397     407     415     354
     325     359     338     323     291     259     296     247     244     226
     252     208     151     137     150     150     107   62471
