$Informacoes da Fluorescencia de Raios-X:
"Sample    : euf3_34704_16p",                                                             
"Operator  : ",                                                                           
"Comment  : cubatao-g-policarbonato",                                                     
"Group     : kerr2007ab13liv300al",                                                       
"Date       : 2018-04-02 17:32:29",                                                       
"",                                                                                       
"Mesurement Condition",                                                                   
"------------------------------------------------------------------------------------",   
"Instrument : 700HS2   Atmosphere : Vac.   Collimator : 10(mm)   Spin : No",              
"------------------------------------------------------------------------------------",   
"Analyte               TG kV   uA      FI Acq.(keV)  Anal.(keV)  Time(sec)     DT(%)",    
"------------------------------------------------------------------------------------",   
"Na                    Rh 50  575-Auto Al  0 - 20    0.8 - 1.2   Live -  179   21",       
"Channel_info_start",                                                                     
"Channel : Na",                                                                           
"Points : 2048
"Range : 0.000000 - 20.480000",                                                           
"Step : 0.010000",                                                                        
"Channel_info_end",                                                                       
$DATA:
       0    2047
       0       0       0       0       0       0       0       0       0    2048
       0       0       0       0       0       0       0       0       0       0
       0       0       0       0       0       0       0       0       0       0
       0       0       0       0       0       0       0       0       1       1
      12      37      27      33      30      36      33      34      25      26
      26      25      28      35      31      41      37      31      30      30
      31      32      32      29      30      28      28      32      20      28
      20      22      32      42      33      25      32      24      26      29
      19      29      28      29      32      27      33      28      27      27
      26      28      42      35      25      62      52      61      72      49
      48      55      42      42      37      42      41      36      41      50
      33      49      45      51      45      68      62      82     133     166
     210     287     304     379     362     441     426     432     401     417
     334     319     268     235     176     192     144     149     136     155
     176     173     176     212     188     241     194     214     205     166
     159     149     110     131     108     102      88      89      93      96
      77      98      91     100     102      88      66     103      96     131
     147     161     207     301     401     570     686     923    1172    1492
    1686    1950    2163    2408    2391    2563    2339    2305    2003    1940
    1667    1451    1116     976     761     647     428     345     273     257
     190     196     152     198     203     218     244     274     254     251
     292     246     269     230     218     178     165     144     108      97
      64      61      59      51      59      59      49      48      54      81
      83      94      96     106      87     109      85      92      79      88
      61      80      67      60      52      48      43      42      30      43
      27      28      35      32      31      31      30      27      22      28
      16      17      21      21      24      26      27      24      25      33
      28      29      27      29      33      21      26      32      36      42
      27      37      39      32      46      28      35      39      33      36
      21      29      37      44      40      34      37      33      35      31
      34      21      32      35      30      25      26      32      27      29
      29      30      20      25      20      31      21      17      26      31
      26      32      18      33      20      31      25      30      21      36
      32      31      30      31      31      29      27      27      31      32
      20      35      24      30      33      26      27      33      32      33
      37      37      42      32      36      42      27      36      35      36
      34      47      51      57      57      76      85     118     143     189
     243     325     378     521     644     823     956    1170    1282    1385
    1457    1480    1493    1373    1350    1270    1071     957     733     611
     414     364     263     204     180     136     106      96     103      95
      81     111      79      93     110     115     153     158     161     181
     203     224     231     244     244     235     241     223     228     217
     170     172     153     139     142     101     127      95      77      79
      77      73      52      66      61      65      66      61      55      71
      44      70      65      83      59      83      68      72      57      76
     101      80      66      86     100     102      93      98      96      98
      76     103      87     110     104      94      87     109     111     124
     104     105     104     107     110     121      93     109     132     116
     121     116     128     123     126      94     124      98     121     104
     117     128     105      92     107     115     101     103      91      77
     103      97      78      93     105      97      93     107      91     105
      92      88      92      93     104     123     132     138     155     164
     183     255     238     301     314     383     363     448     440     453
     460     453     478     462     413     439     345     376     321     298
     222     257     172     178     165     138     135     122     123     126
     129     106     135     148     109     120     118     124     116     131
     131     144     119     119     120     143     136     134     143     124
     137     141     118     161     188     183     195     225     298     325
     379     536     666     927    1160    1559    1894    2684    3177    4092
    4589    5756    6024    7223    7881    8718    8537    9066    9151    9216
    8201    8462    7116    6972    5485    4969    4109    3528    2671    2262
    1725    1321    1008     757     565     454     374     324     273     217
     218     204     179     198     190     198     157     200     148     170
     219     198     181     195     186     204     210     227     222     258
     307     384     420     525     622     835    1018    1316    1561    2098
    2175    2937    3089    3801    4086    4696    4761    5384    5405    5619
    5362    5644    5184    5080    4726    4499    3992    3689    3103    2981
    2644    2419    1909    1861    1563    1420    1144    1127     902     939
     723     700     636     684     588     616     640     776     757     885
     933    1129    1225    1279    1408    1527    1587    1690    1681    1653
    1473    1544    1332    1400    1170    1174    1019     881     665     649
     516     470     388     410     393     367     323     313     292     319
     326     408     413     473     390     520     513     583     537     607
     604     718     637     681     611     600     579     560     554     482
     441     441     416     395     331     315     371     365     379     418
     405     521     542     589     640     746     736     823     832     933
     980     951     911     981     914     911     807     809     748     658
     628     548     459     435     428     383     353     367     361     355
     316     375     370     409     383     440     428     500     503     500
     542     543     547     508     545     536     483     479     493     448
     444     444     430     457     413     484     457     604     593     721
     890    1046    1184    1484    1770    2310    2700    3334    3771    4533
    4925    5775    6365    7268    7436    8401    8760    9554    9043    9188
    9316    9288    8444    8131    7659    6971    6033    5620    4776    4234
    3446    3025    2316    2067    1480    1293    1008     874     687     695
     502     505     395     433     386     396     338     363     375     418
     335     346     315     319     302     330     293     301     269     287
     322     292     278     245     270     280     248     298     300     276
     243     262     274     261     263     241     250     240     227     224
     222     230     186     225     207     205     220     211     189     210
     181     201     216     218     174     212     223     223     219     214
     219     233     216     229     215     245     213     277     242     268
     273     317     322     380     407     451     539     578     674     736
     855    1045    1101    1216    1460    1703    1828    2151    2554    2844
    2939    3401    3718    4071    4243    4548    4858    5059    4979    5214
    5116    5352    5022    5111    4619    4467    4077    3960    3553    3305
    2943    2818    2517    2418    2114    1990    1881    1785    1734    1588
    1775    1622    1662    1713    1748    1800    1768    1866    1772    1868
    1843    1826    1780    1831    1695    1638    1441    1422    1274    1095
     984     919     827     759     673     581     528     478     443     376
     305     334     333     325     288     285     250     268     268     240
     258     257     233     204     195     201     188     194     194     177
     166     189     174     165     156     167     181     179     159     168
     174     165     161     153     158     170     142     183     156     168
     133     178     158     161     140     142     180     180     159     192
     169     166     146     169     168     171     154     189     178     166
     176     170     198     170     164     189     166     183     192     194
     171     180     209     190     181     223     168     192     204     176
     166     222     227     219     198     233     255     258     305     284
     345     380     425     466     505     590     593     673     717     749
     763     841     868     977     945    1004    1032    1004     936     955
     931     821     754     771     673     706     616     551     565     461
     402     390     408     353     306     319     334     313     346     363
     366     356     354     415     417     442     420     427     460     444
     474     457     488     473     445     455     438     433     387     409
     361     346     311     283     279     258     231     253     207     194
     200     189     195     166     142     170     173     162     173     192
     157     173     192     176     166     201     231     182     186     178
     186     185     222     203     210     170     214     197     182     167
     169     177     167     157     181     149     151     181     139     136
     157     159     152     166     129     153     149     140     152     144
     164     134     137     141     141     125     113     131     128     139
     146     136     136     142     134     163     146     124     149     144
     125     155     120     147     165     142     117     134     126     137
     119     146     133     150     120     134     156     152     119     133
     131     149     150     136     126     138     138     144     134     121
     120     135     148     121     127     136     129     127     122     149
     138     142     142     133     150     141     150     117     141     135
     140     136     135     155     117     138     134     122     105     121
     125     127     113     157     132     119     136     127     124     129
     111     111     141     147     111     157     134     153     157      97
     124     153     133     141     121     124     125     136     120     136
     132     153     134     141     133     112     132     136     122     142
     149     132     105     143     107     109     135     144     148     120
     113     129     117     125     113     129     128     135     118     129
     129     115     111     139     119     128     101     125     127     117
     112     106     136     102     115     120     128     122     124     132
     134     138     111     118     119     120     108     132     121     127
     105     116     101     126     108     104     119     115     105     117
     131     140     107     112     113     106     120     116     118     115
     116     122     109     127     107     110     100     126     128     137
     107     104     131     123     131     127     120     104     123     139
     131     133     120     103     124     116     138     150     121     133
     121     126     126     122     117     136     131     105     143     107
      97     113     117      98     131     102     127     115     101     112
     129     124     120      98     103     108     104     115     112     117
     107     105     113     119     123      92     126     109     100     118
     118     100     116     108     125     112     119     113      95     118
     104     126     106     111     106     110     100     143     118     117
     102     133     116     118      94     113     128     101     119     100
      98     116     109      94     110     107     119     106     121     102
     109     103      82      83     143     119     104     127     107     125
     101     120     101     104      97     111     111      97      97     107
     109     117     123      97     125     120     113      97      94     103
     100     133     119     103     108     119     103     106      98     110
      80     104      85     111     111     112      83     111     110     116
     107     100     110     113     104     103      80     107      83     103
     106      97      86     103     103     104      90     109     106      96
      94      77      78      91     113     108     105     106      88     120
     105      94     112     103      88      94     111      96      96     104
      88     103      96     111      95      82     111     107      87     101
     101      95     112     105     106      98     110      94      75     101
      85     116      94      95     108      96     109     101      87     111
     115      96     100     115     107     100      96      94      80      90
      85     105     113      83     101     105      94     116     109      98
     109      92      79      92     101     107     102     105      90      90
     112     112     103      92      73      79     109      88      96     101
      92      90      81     115      92     108     111      81      98     103
      98      90      91      96      82      90      86      95      90     107
     102      87     103      93      96      83      94      77      95      75
      88      90      83     106     100     102     112     112      81      98
      76      86     112      82      89     101      95      81      70      79
      87     101      92     115      83      91      86      82      83      91
      88      88      96      77      97      75      72      96      96      93
      98      79     102      74      83     102      98      90      62      98
      83      96      95      90      94      91      88      89      79      90
      98      94      85      85      82      94     107      87     109      97
      91      88     101      97      85      90      95      91      96      93
      98     101      86      91      94     105      93      96      98      86
      80     118      72      81      83      76      83      81      93      95
      90      74      85      92      90      83     108      79      85      80
      98     102      79      91      90     105      90      95     106      81
      83      93     103      86      80     102      93      85      86      87
      88      78     102      96      87      91      95      97     100     107
      96      94     116     106      81     106     107      93     109     105
      89     100     104     119      93     110      94     109     108     121
     117      94     121     128     103     109     113     124      98     120
     126     117     131     106     111     122     119     121     133     132
     133     139     117     146     146     165     153     143     163     170
     180     164     174     176     169     173     181     167     192     194
     192     232     202     229     224     260     241     266     260     274
     283     273     350     330     346     337     371     368     340     385
     410     416     460     432     436     439     528     485     482     504
     562     531     503     588     552     546     509     536     550     570
     528     537     560     559     530     558     516     562     524     563
     522     507     472     502     494     531     487     487     405     424
     387     408     414     408     322     388     363     331     337     309
     308     300     301     291     270     256     256     232     238     214
     212     225     216     163     192     169     198     167     184     139
     137     151     132     129     169     151     135     154     126     142
     113     149     122     142     126     131     138     172     129     174
     187     194     176     211     195     230     234     254     263     281
     258     289     335     341     364     330     354     390     386     377
     376     380     342     345     386     361     354     334     382     301
     329     298     315     304     253     223     217     195     205     192
     190     158     165     151     127     138     110   41988
