$Informacoes da Fluorescencia de Raios-X:
"Sample    : tbf3_34706_16p",                                                             
"Operator  : ",                                                                           
"Comment  : cubatao-g-policarbonato",                                                     
"Group     : kerr2007ab13liv300al",                                                       
"Date       : 2018-04-02 17:41:17",                                                       
"",                                                                                       
"Mesurement Condition",                                                                   
"------------------------------------------------------------------------------------",   
"Instrument : 700HS2   Atmosphere : Vac.   Collimator : 10(mm)   Spin : No",              
"------------------------------------------------------------------------------------",   
"Analyte               TG kV   uA      FI Acq.(keV)  Anal.(keV)  Time(sec)     DT(%)",    
"------------------------------------------------------------------------------------",   
"Na                    Rh 50  570-Auto Al  0 - 20    0.8 - 1.2   Live -  179   21",       
"Channel_info_start",                                                                     
"Channel : Na",                                                                           
"Points : 2048
"Range : 0.000000 - 20.480000",                                                           
"Step : 0.010000",                                                                        
"Channel_info_end",                                                                       
$DATA:
       0    2047
       0       0       0       0       0       0       0       0       0    2048
       0       0       0       0       0       0       0       0       0       0
       0       0       0       0       0       0       0       0       0       0
       0       0       0       0       0       0       0       0       0       1
       7      18      19      29      20      23      26      23      17      29
      22      28      22      23      23      23      23      26      30      18
      18      24      24      28      22      18      19      30      15      15
      19      25      16      23      19      20      28      24      21      18
      16      23      23      18      13      17      19      11      20      18
      18      19      18      15      19      30      21      19      13      24
      17      21      13      23      25      23      21      18      22      25
      22      19      23      18      18      25      24      18      24      32
      30      25      22      34      34      26      46      51      68      68
      87     117     140     178     201     238     262     305     258     288
     228     227     181     194     132     104     115      81      58      57
      58      60      53      59      76      69      67      75      79      76
      59      69      69      55      52      52      59      50      43      61
      48      56      46      73      58      66      66      67      73      55
      51      72      51      47      49      50      48      41      37      41
      38      43      32      42      32      39      36      34      37      36
      55      44      46      67      55      92      99     117     124     163
     145     159     161     154     131     146     128     130      71      70
      54      47      52      47      25      40      23      26      41      19
      23      22      30      19      29      21      24      13      37      22
      35      31      16      24      26      17      25      19      21      26
      23      24      20      20      20      22      24      16      12      23
      30      25      29      25      26      35      25      20      20      16
      20      34      33      29      28      35      22      36      26      28
      33      48      39      21      25      31      37      37      29      42
      32      30      25      36      39      29      31      31      29      32
      34      25      35      26      16      28      30      29      26      25
      26      21      36      22      30      22      33      26      35      26
      30      29      32      29      30      31      20      33      24      24
      32      34      30      24      39      30      31      35      29      36
      34      28      41      28      26      33      31      33      32      29
      26      25      24      41      29      30      40      35      38      35
      33      47      40      63      65      79      89     128     158     207
     226     351     422     588     677     882     990    1234    1317    1481
    1492    1568    1466    1503    1321    1186    1154     944     778     644
     512     399     252     253     179     144     138     117     101     104
     106     103      96      86      95     129     160     160     169     163
     220     198     234     246     222     230     250     192     199     160
     149     149     113     110      90     103      84      82      70      66
      60      68      51      52      50      50      61      56      61      78
      64      71      75      86      93      70      73      67      65      93
      85      85      79     110     117     108     123     119     145     175
     154     151     175     181     184     193     166     198     155     197
     145     166     142     154     132     126     127     109     108     107
     111     104      93      86     107      78      94      81      86     114
      91      89     100      81      91      97      87      88      89      84
      85      99      99      88      76     104      92      68      91      96
      87      82      87      81      83      83      99      86      86     104
     102     115      84      88      95      96      79     122     108     127
     120     146     122     156     109     124     122     128     130     150
     138     126     133     118     137     120     127     146     128     147
     129     141     161     209     209     250     287     313     375     457
     476     593     686     746     804     881     958    1014     990    1079
     992    1030     897     888     757     710     591     532     471     398
     338     289     283     250     199     203     178     172     174     200
     163     193     149     168     175     155     164     193     171     207
     160     192     174     188     181     228     171     229     215     228
     233     246     221     231     220     267     265     306     324     360
     466     579     736     966    1263    1740    2198    3133    3713    4970
    6181    7877    9050   11608   13046   15229   16247   18154   19282   20747
   20392   21321   21114   20493   18703   17610   15904   14304   11875   11050
    8453    7270    5490    4489    3406    2755    1979    1521    1111     822
     590     487     459     369     308     318     254     255     221     235
     261     263     248     264     240     234     247     216     220     242
     271     246     240     266     262     285     275     326     316     353
     409     517     531     702     832    1189    1316    1851    2222    2854
    3467    4415    5173    6248    6919    8145    9174   10410   10619   11441
   12023   12448   12063   12541   12083   11903   10483   10370    9127    8748
    7405    7005    6122    5693    4766    4252    3786    3439    2936    2584
    2227    1974    1714    1539    1528    1360    1309    1401    1414    1540
    1556    1788    2085    2387    2496    2688    3036    3301    3177    3506
    3520    3732    3439    3462    3167    3043    2703    2582    2255    2028
    1663    1514    1293    1094     861     747     711     543     410     434
     372     300     286     242     232     201     195     181     218     227
     196     182     188     207     194     221     208     221     195     199
     237     237     232     257     264     279     274     220     255     300
     288     303     301     325     359     394     419     476     447     539
     630     735     845     909    1065    1218    1317    1486    1609    1758
    1797    1992    2061    2090    2086    2132    2026    2019    1783    1717
    1556    1482    1292    1211    1058     945     768     693     667     614
     537     526     508     528     458     529     576     650     671     773
     798     822     842     868     838     935     859     877     873     859
     773     810     702     668     588     600     535     505     448     432
     414     360     369     386     372     349     314     337     358     356
     342     385     340     350     337     345     332     296     301     256
     308     273     232     214     237     212     194     209     189     197
     182     184     148     178     160     184     179     158     175     162
     153     185     181     167     164     161     164     158     156     168
     159     156     140     155     154     151     150     172     165     169
     164     173     166     136     146     171     156     168     174     184
     156     177     164     167     176     191     196     181     202     217
     203     191     178     176     190     206     190     171     195     173
     192     191     203     206     149     176     169     171     157     180
     160     182     144     164     155     182     165     173     190     171
     177     186     166     176     165     197     155     177     167     177
     155     165     153     183     163     167     154     122     160     145
     145     155     189     149     145     158     161     178     155     150
     169     162     183     168     139     154     159     149     174     155
     154     167     149     158     155     162     145     162     139     158
     149     149     164     174     136     168     159     179     158     154
     151     165     146     177     156     149     142     171     162     138
     160     144     136     149     143     172     139     171     155     160
     138     164     160     166     171     176     137     163     141     145
     164     154     162     174     156     144     155     174     156     172
     145     146     159     177     159     143     165     163     144     159
     143     173     169     160     136     163     140     153     150     171
     195     163     148     164     156     161     139     171     126     156
     154     166     173     161     161     157     137     173     140     145
     147     161     138     161     157     149     188     160     161     140
     159     171     153     166     168     149     140     166     149     153
     143     141     162     135     156     149     150     139     147     142
     142     142     142     155     145     167     154     156     160     166
     154     141     160     141     133     132     151     143     149     148
     139     148     147     135     163     124     157     173     132     127
     146     138     137     124     132     125     140     156     140     142
     143     144     142     160     148     141     131     136     157     143
     141     160     146     144     171     150     140     125     124     169
     125     139     133     129     142     153     115     131     149     132
     113     153     130     137     135     143     124     107     146     155
     138     146     125     141     169     126     114     129     131     137
     136     142     141     130     133     129     153     132     125     142
     129     144     133     140     121     139     130     159     160     130
     141     138     163     149     142     153     143     169     158     153
     160     179     164     148     165     150     141     151     142     159
     158     151     122     185     127     133     132     140     133     123
     138     118     141     133     111     124     119     141     142     106
     107     126     125     141     146     136     141     131     119     141
     133     128     132     133     136     125     128     137     131     133
     112     118     128     124     135     143     127     118     147     135
     135     147     153     128     132     144     141     155     145     129
     126     161     153     147     138     175     160     146     146     139
     140     141     133     149     143     143     141     166     142     142
     132     129     133     149     115     128     143     138     118     135
     112     130     119     132     133     114     138     110     148     130
     123     125     110     109     132     113     137     123     135     126
     127     135     119     124     112      97     112     109     130     110
     110     123     140      95     112     135     126     123     121     112
     115     148     104     121     121     138     113     142     129     114
     106     120     148     135     118     127     137     139     104     119
     122     131     114     131     127     130     120     128     106     106
     113     108     124     125     110     122     118     129     108      95
     129     112     124     111     124     103     107     117     133     148
     118     139     127     106     105      91     122     101     118     106
     108      81     108      97     132     109     132     101     102     123
     117      86     132     120     103     111     129     119      91     109
     109     139      90     122     123     123     118     104     111      91
     122     107     106     102      94     107     105     105     132     105
     101     103     112      95     121     115     113      93     119     104
     100      89     123     113      99     122     111     112     101      88
     107     117     101     121     100     109      95      93      99     102
     102      82      92      93     111     118     108     122      77      89
     105     121      95     101     102     107      95      87      87      97
      97     100     125     107     113     100      71     113      93     106
      99     118     101      94      88     113      99     113     108      79
      99      93     108      97     104     112      90     112     102     108
      92      91      99      92      99     106      78     103      96      92
      84      90     105      87      89      73      88      92     105     102
      93     123      91     105      87     114      99      94     101      81
     101      88      70      93      92      95     105      92      70      88
      92     102      79      89      97     108      75      71      97     101
      79      85      91      91      91      88     105      74      83     101
      91     101      94      91     105      99      86      96      74      82
     100      85     136      75      91      91      79      90      72      88
      73      96      87     100      88      97      73      87      78      87
      93     112      84      92      78      82      97      99      93      84
      81      90      84      93      78      73      70      74     100      95
      87      89      83      72      84      84      61      91      99      75
     104      89      76      97      89      94      82      73      84     105
      96      83      74      92      92      73      87      92      78     100
      84      84      91      81      92      79      96      92      82      59
      75      84      85      72      87      85      83      84      84      87
      91      83      74      92      87      71      76      83      87      87
      79      90     103      86      78      92      85     103      87      83
      72      89      99      92      92      68      75      86      82      78
      85      69      87      85      82      95      69      88      89      83
      95      87      69      87     103      67      82      93      87      97
     102      86      96      95      82     101      69      92      74      85
      88      78      75      91      92      84      83      75      72      78
      76      96      96     103     100      86      92     101      71      92
      82     100      83      93      82      89      76     110     109     107
      89      88      81      85      89      95     103     104      94      86
      93      79     117     108      82     110     104      88      92      96
     102     106     108     104     120      85     112      99      99     105
     107     113     118     101     121     105     114     124     114     126
     117     149     125     126     127     140     132     143     147     160
     182     147     135     165     185     194     168     161     206     206
     217     232     239     226     210     238     258     254     256     244
     282     296     318     327     351     341     343     389     367     386
     373     359     412     474     423     403     454     483     465     544
     557     532     484     469     502     528     496     553     566     531
     519     514     535     512     522     533     506     557     462     526
     520     521     447     453     501     501     466     448     447     430
     445     411     423     400     358     311     339     326     297     316
     300     315     304     270     292     229     226     222     258     226
     213     202     207     175     181     154     176     164     150     159
     155     140     148     123     155     159     119     159     121     143
     130     114     120     142     122     144     141     171     171     174
     195     176     224     213     226     232     247     263     271     280
     283     285     339     327     347     341     345     352     376     383
     389     367     362     401     381     401     354     321     353     358
     319     306     288     251     248     244     238     216     212     179
     185     175     161     156     130     119     117   41617
