$Informacoes da Fluorescencia de Raios-X:
"Sample    : dyf3_34707_16p",                                                             
"Operator  : ",                                                                           
"Comment  : cubatao-g-policarbonato",                                                     
"Group     : kerr2007ab13liv300al",                                                       
"Date       : 2018-04-02 17:45:44",                                                       
"",                                                                                       
"Mesurement Condition",                                                                   
"------------------------------------------------------------------------------------",   
"Instrument : 700HS2   Atmosphere : Vac.   Collimator : 10(mm)   Spin : No",              
"------------------------------------------------------------------------------------",   
"Analyte               TG kV   uA      FI Acq.(keV)  Anal.(keV)  Time(sec)     DT(%)",    
"------------------------------------------------------------------------------------",   
"Na                    Rh 50  530-Auto Al  0 - 20    0.8 - 1.2   Live -  179   20",       
"Channel_info_start",                                                                     
"Channel : Na",                                                                           
"Points : 2048
"Range : 0.000000 - 20.480000",                                                           
"Step : 0.010000",                                                                        
"Channel_info_end",                                                                       
$DATA:
       0    2047
       0       0       0       0       0       0       0       0       0    2048
       0       0       0       0       0       0       0       0       0       0
       0       0       0       0       0       0       0       0       0       0
       0       0       0       0       0       0       0       0       1       3
      14      26      16      29      24      21      33      31      24      28
      22      26      31      36      26      32      31      22      21      16
      18      26      21      28      29      25      31      30      24      28
      21      26      23      20      22      32      12      25      36      28
      23      24      19      23      24      25      18      22      14      21
      28      29      16      29      23      19      32      36      22      31
      42      37      55      65      62      92      98     116     115     163
     134     160     139     158     141     131     116      97      78      78
      71      77      56      56      51      72      57      71      78      75
     121     142     187     291     345     522     612     847     960    1131
    1304    1532    1532    1702    1498    1554    1307    1238    1081     821
     689     591     412     296     249     218     155     176     151     175
     175     208     204     215     162     205     147     141     160     109
     123      96     103     115      89      95      94     114     130     118
     139     123     127     140     112     105      80     102      72      74
      64      62      35      43      55      44      40      46      33      41
      43      46      54      67      59      90      84      85     119     114
     125     150     118     140     121     114      87      91      78      66
      53      48      42      32      32      32      32      24      31      20
      32      33      22      25      25      26      22      26      34      33
      24      25      24      19      16      16      25      38      25      21
      18      30      16      18      21      16      21      19      29      18
      20      23      22      26      20      19      25      24      29      23
      24      24      28      38      34      38      30      37      28      30
      34      39      38      28      28      35      20      28      28      34
      39      38      24      25      35      33      41      33      30      39
      28      29      21      30      22      34      34      21      33      30
      28      25      24      21      29      23      25      19      36      30
      18      20      19      32      28      26      19      26      30      32
      36      30      26      29      29      29      32      30      24      23
      28      15      19      28      39      33      28      38      20      32
      31      30      33      31      26      26      31      34      29      34
      40      33      44      54      50      55      83     109     139     170
     221     303     352     501     608     784     872    1096    1212    1292
    1244    1498    1379    1382    1147    1052     990     868     607     600
     426     335     266     227     131     144     106      96      93      83
      82      95      84     104      91     111     125     142     161     199
     194     182     184     174     191     220     200     172     183     181
     155     127     114     106      91      87      89      67      55      57
      70      62      55      53      57      55      37      54      52      57
      41      65      73      72      64      85      55      67      71      72
      78      91      94      86      87      96      89      86      80     101
      76     109     107      88      78      91     102     109      95     125
      98     114     108     116      95     119     115     116     123     142
     118     131     139     160     132     164     154     158     139     131
     157     142     128     128     121     115      94      97      88     112
      89      84      89      73      77      97      98      91      82      86
      82      88      84      76      83      79      97      78      78      87
      80     100      69      72      77      84      62      78      74      79
      94      86      84      85      97      72      86     108      76      80
      92      96      95      91      95      91     105     102      95     108
      91      95      94     109     102     114     124     134     142     125
     113     140     120     139     138     131     131     150     157     159
     146     187     172     198     230     280     282     370     398     455
     535     653     703     779     810     930     899    1026     991     966
     936     938     833     796     666     632     550     486     420     410
     324     284     231     240     211     179     206     169     188     164
     193     191     172     168     176     165     167     188     180     186
     180     206     168     181     196     200     200     217     196     199
     227     222     194     229     210     239     229     292     288     303
     319     428     407     579     709     958    1250    1713    2072    3055
    3737    4829    5727    7343    8587   10542   11591   14163   15076   17258
   17559   19358   19682   20263   19017   19437   17499   17418   14745   13852
   11797   10575    8368    7259    5719    4582    3331    2704    2039    1738
    1216     940     733     605     424     391     314     292     229     260
     251     254     254     221     231     232     192     250     224     222
     250     232     217     268     219     231     269     230     238     256
     254     265     268     273     291     304     337     370     475     645
     652     846    1057    1368    1689    2131    2674    3395    3941    4805
    5627    6742    7228    8238    9092   10032   10112   10983   11419   11668
   11021   11166   10668   10477    9312    8843    8240    7465    6553    5929
    5209    4855    4061    3639    3337    2958    2401    2219    1955    1858
    1528    1523    1349    1290    1255    1355    1402    1567    1675    2009
    2179    2447    2481    2862    3025    3212    3202    3311    3518    3386
    3148    3096    2800    2797    2286    2134    1974    1710    1438    1237
    1069     938     777     690     524     512     424     362     338     259
     277     263     262     228     220     247     216     224     262     258
     245     238     244     242     266     264     277     308     281     303
     303     300     299     293     326     299     360     319     322     295
     288     312     288     330     294     296     302     341     373     357
     408     463     524     606     724     781     908    1070    1084    1290
    1306    1540    1601    1735    1691    1890    1785    1891    1766    1728
    1627    1568    1459    1418    1132    1121    1006     880     780     697
     614     586     558     569     519     551     511     588     587     614
     625     730     782     796     805     816     924     894     847     894
     841     811     764     712     687     695     555     558     506     467
     452     388     371     355     292     263     282     290     241     247
     263     271     237     252     248     264     284     262     262     247
     257     241     255     228     228     239     220     211     170     196
     193     178     161     191     161     158     167     144     177     144
     160     169     157     173     139     149     183     152     145     143
     164     176     157     165     159     141     152     143     162     161
     147     159     146     160     160     163     154     158     152     166
     160     173     155     165     138     145     167     156     144     183
     162     160     142     167     185     172     156     152     133     131
     124     174     122     157     159     141     141     146     149     157
     130     146     134     159     143     155     152     139     136     165
     143     154     140     126     148     163     150     147     144     157
     132     139     152     137     151     141     143     156     137     138
     146     147     167     140     145     154     144     148     132     146
     142     168     154     157     138     138     158     142     151     146
     132     154     142     121     138     155     147     141     121     162
     116     175     149     145     156     144     155     149     142     134
     139     155     121     126     146     164     155     145     181     143
     166     132     163     167     141     128     163     137     146     128
     160     150     143     137     128     141     142     172     130     141
     128     179     140     133     141     131     131     166     146     139
     169     167     139     154     129     143     156     163     132     150
     147     129     141     140     116     164     151     139     138     133
     140     129     144     129     132     156     123     165     133     118
     132     124     168     133     152     119     127     160     111     148
     134     144     141     159     136     138     151     147     131     144
     128     141     133     133     138     123     132     122     130     131
     152     138     149     120     126     133     137     130     122     151
     120     113     126     142     116     147     121     145     124     150
     151     133     120     133     128     137     130     133     120     142
     139     108     116     116     141     109     128     122     140     126
     115     116     132     129     130     137     104     133     121     128
     125     137     121     115     126     134     131     138     112     126
     130     124     136     139     114     120     121     131     147     131
     112     136     111     130     132     118     131     131     128     134
     116     121     114     125     134     109     133     106     133     110
     104     130     140     138     126     129     126     128     124     116
     122     136     108     133     125     125     104     111     127     109
     108     136     115     108     106     124     150     148     105     115
     121     106     124     115     122     116     131     129     130     143
     114     128     143     110     130     138     121     116     136     136
     127     132     142     133     145     127     115     126     148     164
     142     137     136     143     133     159     123     145     120     133
     141     156     128     119     103     110     121     131     108     106
     112     129     112     124     114     110     126     126     111     102
     112     109     114     120     118     115      94     125     118     109
     106     113     125     111     125     103     127     134      92     110
     121     131     111     125     101     121     115     124     120     105
     146     128     103     118     107     118     131     122     131     136
     144     141     141     123     141     131     129     113     132     151
     142     118     130     106     115     144     123     132     105     125
     116     111     103     108     136     123      95     123     108     114
     115     115     106     107     130     102     114     128     119      90
     119     110      86     104     118     119     109     128     137     122
     108     130     122     120     118     123      98     119     102     103
     123     113      96     105     112     118      86     131     108     109
     101     110     110      95     125     118     105     119     108     123
     130     104      90     102     102     113     104     110     126      88
     103     107      98      94     106      95     113     106     102      95
      92     109      89     105     119     100     109     104      92     112
     106     112     124     112     109     108      93     121     108     122
      98      93     114      96     104     113      93      93     111     110
      98      95      95      90      87      89      95     102      91      96
     104     107     108      83      87     104      97      83      86      86
      96      92     109     113      90      76     114      83     114     109
     105     113     104      90      97      89      83     106      93      98
      89     110      97     108      87      80     112     100      96      78
      89     105      87      92      89      85     107     101      96     107
      82      90      71     112      87      84      77      89      71      90
      90      92      86      90      98      87      89      86     105     104
     105      94      97      92      75     101      94      90      96      91
     108      87      87      93      84      86     105     113      93      84
      72     107      73      78      94      84      84     100      89      80
      90      96     102      84     107      89      90     111      74      78
      80      79     104     105      85      97      80      86      83      76
      71      83      95      71     106      84      80      82      75      79
      84     103      80      78      85      76      80      89      84      91
      77     101      78      79      82      72      76     105      95      86
      79      82      84      87      66      96      69      62      87      70
      84      77      90      90      72      83      86      88      76      82
      82      83      85      89      90      84      73      85      80     106
      93      78      85      82      87      78      90      73      78      87
      70      70      64      94      64      91      85      90      69      85
      94     104      83      92      76      70      71      80      69      67
      86      86     107      87      79      80      71      79      79      76
      84      83      79      84      71      90      67      84      83      86
      93      88      73      96      67      83      80      82      77      82
      66      75      90      83      73      95      73      86      66      70
      53      79      83      78      86      76      76      82      71      87
      97      62      85      83      90      85      66      80      83      78
      91      56      86      84      84      67     100      75      78      80
      97      77      74      80      86      75      91      88      76      88
      72      64      89      88      95      95      78      79      83      86
      80      83      80      75      79      91      91      93      80     102
      83      84      92      93     107      85      87      76      84      75
      89      90      90      85      97      92     107      95     119      90
     105     105     110      94     104     109     133     102     102      98
     109     118     116     124     100     128      93     121     130     130
     124     131      93     136     133     129     125     136     115     136
     151     158     154     146     172     174     168     145     186     198
     159     191     197     224     209     234     258     246     266     255
     265     283     280     285     269     326     339     344     324     391
     340     384     410     382     411     440     505     448     450     437
     516     455     467     469     504     537     502     561     511     544
     501     491     543     537     492     536     534     509     475     489
     445     483     434     484     446     481     439     404     425     397
     377     382     384     379     342     346     324     320     292     311
     310     280     255     231     248     239     215     211     218     211
     187     212     191     167     132     150     200     161     137     148
     131     155     124     128     162     124     125     132     113     124
     124     132     113     150     112     136     147     147     160     159
     167     156     175     179     201     214     222     247     274     262
     246     281     312     314     299     320     355     363     338     320
     338     378     364     330     341     365     361     308     321     304
     269     268     258     266     229     229     193     208     166     182
     166     162     146     126     123     136     129   39239
