$Informacoes da Fluorescencia de Raios-X:
"Sample    : pb_34715_16p",                                                               
"Operator  : ",                                                                           
"Comment  : micromatter pb 58.5ug/cm2",                                                   
"Group     : kerr2007ab13liv300al",                                                       
"Date       : 2018-04-02 18:28:50",                                                       
"",                                                                                       
"Mesurement Condition",                                                                   
"------------------------------------------------------------------------------------",   
"Instrument : 700HS2   Atmosphere : Vac.   Collimator : 10(mm)   Spin : No",              
"------------------------------------------------------------------------------------",   
"Analyte               TG kV   uA      FI Acq.(keV)  Anal.(keV)  Time(sec)     DT(%)",    
"------------------------------------------------------------------------------------",   
"Na                    Rh 50  296-Auto Al  0 - 20    0.8 - 1.2   Live -  179   20",       
"Channel_info_start",                                                                     
"Channel : Na",                                                                           
"Points : 2048
"Range : 0.000000 - 20.480000",                                                           
"Step : 0.010000",                                                                        
"Channel_info_end",                                                                       
$DATA:
       0    2047
       0       0       0       0       0       0       0       0       0    2048
       0       0       0       0       0       0       0       0       0       0
       0       0       0       0       0       0       0       0       0       0
       0       0       0       0       0       0       0       0       0       4
      18      37      30      36      35      37      23      46      28      41
      28      38      43      38      37      49      43      44      42      50
      44      53      54      54      76      91      92     113     124     130
     149     151     139     150     127     137     102     114     107     111
     100     113     117      99      83      79      55      57      51      49
      55      34      32      42      46      45      28      41      45      49
      40      47      31      45      52      44      42      33      53      41
      35      43      43      40      34      35      33      39      45      33
      49      39      35      30      32      32      36      30      37      42
      36      40      32      45      41      36      47      25      21      31
      38      47      26      42      37      26      47      30      38      47
      35      35      43      39      43      45      40      47      34      57
      45      43      45      52      43      42      52      38      45      50
      49      58      38      46      50      61      58      61      49      70
      78      62      90      81      96     119     151     188     202     245
     286     356     376     409     429     452     417     400     363     319
     275     287     227     216     203     170     180     192     190     209
     190     197     189     215     200     218     177     235     205     209
     236     266     264     280     291     325     365     325     359     390
     422     427     426     518     483     636     711     982    1271    1756
    2246    2830    3295    4186    4397    5261    5422    5827    5583    5890
    5602    5603    5273    5331    5029    5019    4301    4382    3932    3556
    2959    2654    2268    1800    1433    1241     918     736     544     461
     444     454     449     479     504     596     576     598     578     595
     535     535     460     394     298     285     224     197     129     167
     122     114      99     107      94      96      87     101      97      92
      99      87      82      70      70      79      88      76      73      81
     103     104     104     126     115     140     159     190     199     216
     222     216     234     245     243     258     230     200     183     157
     154     148     128     110      91     101      68      68      58      33
      49      42      35      34      34      32      24      25      32      38
      26      36      27      26      21      41      26      37      32      39
      37      43      52      55      54      69      74      81      73     101
      90     133     134     156     223     219     265     353     360     371
     395     450     407     399     399     361     293     269     221     179
     119     131      97      80      79      59      70      51      43      59
      49      69      43      58      40      56      41      63      68      72
      65      79      61      79      64      70      71      79      56      72
      71      53      54      40      38      36      39      36      41      27
      38      26      34      41      32      35      31      23      36      17
      26      33      39      40      39      44      53      34      40      44
      41      57      42      41      43      45      38      58      52      45
      51      52      62      70      50      57      58      61      57      63
      58      59      42      54      49      64      71      59      46      45
      45      49      50      61      59      59      42      54      59      54
      61      64      53      60      46      59      58      60      60      55
      50      50      54      45      49      50      50      50      56      52
      58      65      55      69      56      53      72      50      63      64
      64      64      52      61      73      50      61      64      50      54
      63      63      64      55      61      57      70      58      64      81
      45      54      62      69      56      70      60      62      58      60
      60      72      58      58      44      58      65      69      49      64
      56      45      56      53      73      51      66      72      56      84
      63      64      45      68      59      62      65      54      74      59
      71      84      87      53      69      79      70      68      70      71
      80      72      73      74      66      81      70      72      70      74
      58      79      70      89      82      82      87      75      87      97
      75      88      94      91      74      79      88      94      82     102
     114      78      89      92      89      90      98      98     109      90
     109     100     114     109      93     113      89      95     103      93
     110     131     113     118     107     110     113     139     136     145
     122     119     124     128     119     139     107     113     117     128
     127     116     123     136     109     113      99     118      91     127
     118     110     100     122     146     112     116      99     135     102
     106     132     124     119     120     122     118     119     106     136
     111     113     116     119     127      87     109     127     121     139
     122     100     116     128     100     124     102     112     132     119
     112     138     126     133     138     126     113     134     123     121
     106     129     112     122     110     137     111      97     122     114
     104     127      84     111     107     104     107      98     137     117
     100     109     113     119      90     133      94     123      82     123
     127     114     118     113     107     111     109     104     127     140
     134     122     127     135     122     129     112     146     113     117
     122     133     124     141     112     157     126     117     127     133
     115     110     102     131     118     138     117     132      96     102
     123     110     129     128     124     140     140     139     142     139
     139     128     150     152     143     150     155     153     181     193
     171     169     197     230     190     238     223     252     206     221
     197     214     219     241     219     218     216     207     195     183
     160     158     140     173     165     167     148     117     134     146
     114     133     132     142     141     117     118     113     109     134
     147     121     122     122     111     145     113     121     110     143
     142     132      91     133     137     126     146     139     147     130
     146     166     139     155     141     166     158     174     150     162
     140     150     192     166     156     156     166     172     135     121
     146     139     143     138     136     156     139     151     124     145
     145     150     149     174     143     141     160     152     154     159
     154     157     162     181     172     198     194     236     244     283
     302     392     394     459     493     573     640     692     729     821
     817     940     883     965     884     932     877     871     875     776
     730     709     676     596     517     449     433     399     326     309
     281     264     224     211     207     197     154     180     179     140
     147     146     141     153     152     130     123     138     136     135
     157     143     133     149     131     138     120     132     128     136
     111     121     142     104     123     115     135     115     132      99
     135     126     114     114     129     128     128     122     122     134
     122     121     115     131     118     146     127     151     124     128
     123     150     124     139     116     141     130     135     126     123
     146     143     130     137     112     153     146     117     146     136
     146     154     142     166     157     156     172     169     223     224
     234     274     344     418     430     561     611     783     935    1180
    1330    1751    1901    2449    2861    3488    4000    4691    5347    6344
    6843    8032    9030    9949   10254   11678   12042   13199   13021   13840
   13973   14384   13542   13647   13134   12956   11590   11059   10206    9544
    7746    7591    6313    5701    4557    4160    3245    2796    2198    1916
    1498    1126     921     805     659     525     373     362     310     279
     243     218     200     170     188     162     158     157     170     131
     153     138     134     140     132     137     135     138     123     139
     141     134     138     126     139     109     115     122     119     135
     124     130     138     156     166     159     177     175     194     205
     207     204     230     255     242     229     270     271     283     334
     304     308     260     329     284     298     282     290     248     252
     227     226     214     193     159     186     186     155     140     154
     139     131     122     121     114     130      99     123     115     104
     108     122     117     103     102     102     123      97     124     115
     128     109     100     110     113     134     104     101     101     114
     108     123     112     133     119     123     114     111     103     145
     142     139     147     148     145     153     156     159     186     214
     222     200     252     270     302     307     300     397     315     365
     439     381     443     382     502     503     497     562     549     584
     629     687     657     660     660     671     694     730     678     662
     767     731     715     770     858     850     947    1028    1228    1387
    1482    1934    2110    2635    2820    3452    3853    4516    4825    5351
    5972    6713    7140    7853    8112    8671    8424    9101    9181    9469
    8954    8972    9074    8786    7962    7947    7396    7045    6059    5649
    5437    4671    4049    3623    3275    2973    2465    2113    1932    1699
    1419    1340    1176    1069     913     861     767     749     685     672
     609     618     552     555     580     572     505     531     526     554
     462     507     468     487     405     415     395     397     362     319
     305     293     262     254     218     224     232     183     172     162
     157     165     137     145     138     129     158     140     131     136
     114     111     122     128     118     127      99     106      88     104
      85     113     112      98      96      76     112      79      94      97
      66     100      73      73      90      73     106      85      82      51
      83      82      69      72      74      84      81      84      83      78
      75      78      74      89      77      91      87      81      77      74
      77      74      88      82      73      75      76      66      84      94
      76      64      54      70      87      89      78      71      81      69
      76      90      87      77      71      76      63      87      68      61
      81      89      77      97      71      90      81     102     104     104
      97     122     113     145     113     146     139     128     111     108
     131     135     128     122     132     111     120     112     117     110
     104     103     124     114      94     111     124     132     134     155
     161     170     169     200     263     277     344     350     459     458
     558     543     665     778     837     909     971    1097    1091    1143
    1221    1315    1205    1327    1332    1279    1259    1297    1254    1249
    1145    1190    1069    1061     891     858     791     727     632     590
     561     556     437     421     446     347     351     330     331     327
     294     325     333     325     357     357     372     420     369     395
     461     450     437     435     437     506     464     428     474     450
     440     376     438     419     332     345     372     317     253     270
     224     230     211     191     186     156     146     130     123     123
     122     108      88     102      89      93      61      85      76      64
      76      72      87      72      72      65      60      82      80      85
      82      81      80      91      96      99      72     111      97     100
      96     108     104      98     119     107      84      74     129     126
     120     124      92      93      92      90      85      99      73      73
      69      79      65      56      71      61      53      64      58      76
      50      69      58      66      45      64      35      45      55      60
      61      58      62      65      70      45      50      45      49      49
      46      56      52      60      50      54      60      59      40      44
      57      54      69      66      60      68      51      58      44      62
      62      43      39      44      59      36      56      56      40      42
      49      54      63      52      63      64      49      51      56      44
      44      66      45      54      49      43      64      51      53      66
      64      71      58      59      52      43      68      41      65      54
      51      43      50      56      39      63      51      56      59      46
      63      62      54      42      60      41      53      50      42      52
      54      59      49      58      58      46      46      46      56      66
      65      50      46      61      55      50      55      42      44      50
      44      46      68      54      47      43      50      40      62      62
      59      38      49      56      51      59      58      51      37      62
      56      57      46      42      41      45      55      44      38      46
      59      51      55      50      58      53      41      49      42      40
      37      52      55      61      51      45      57      46      59      52
      52      45      49      54      55      62      38      46      50      43
      59      59      59      65      43      58      58      33      47      37
      54      54      53      55      52      50      59      59      45      54
      52      56      52      50      53      54      47      69      62      52
      59      58      47      55      51      53      51      58      59      61
      68      60      42      52      52      60      53      65      53      52
      62      62      46      64      53      59      63      52      60      61
      55      55      61      55      65      58      41      66      80      77
      69      70      65      72      50      47      65      75      77      72
      77      85      85      75      60      83      72      83      65      88
      78      66      96     110      95      80      96      85     109      93
     118     107     121     130     109     117     141     150     133     138
     192     171     155     162     187     192     176     177     185     198
     166     219     260     217     204     253     273     285     238     244
     274     292     252     260     289     315     273     224     286     338
     268     275     280     289     288     281     300     262     255     255
     268     235     263     247     245     224     211     224     244     224
     239     184     232     198     204     178     180     174     172     160
     188     149     142     137     157     122     141     129     124     129
     128     107     101     102     106      95     100     106      80      64
      73      66      95      53      99      70      64      70      79      82
      62      71      69      84      82      83      96     111     101     138
     137     136     140     157     164     181     187     193     234     210
     207     209     246     228     279     245     326     306     312     327
     296     293     301     308     312     288     265     263     272     268
     239     212     206     218     212     183     199     173     172     153
     132     120     110     121      93      85      82   26031
