$Informacoes da Fluorescencia de Raios-X:
"Sample    : ybf3_34710_16p",                                                             
"Operator  : ",                                                                           
"Comment  : micromatter ybf3 45.1ug/cm2",                                                 
"Group     : kerr2007ab13liv300al",                                                       
"Date       : 2018-04-02 18:05:09",                                                       
"",                                                                                       
"Mesurement Condition",                                                                   
"------------------------------------------------------------------------------------",   
"Instrument : 700HS2   Atmosphere : Vac.   Collimator : 10(mm)   Spin : No",              
"------------------------------------------------------------------------------------",   
"Analyte               TG kV   uA      FI Acq.(keV)  Anal.(keV)  Time(sec)     DT(%)",    
"------------------------------------------------------------------------------------",   
"Na                    Rh 50  530-Auto Al  0 - 20    0.8 - 1.2   Live -  179   20",       
"Channel_info_start",                                                                     
"Channel : Na",                                                                           
"Points : 2048
"Range : 0.000000 - 20.480000",                                                           
"Step : 0.010000",                                                                        
"Channel_info_end",                                                                       
$DATA:
       0    2047
       0       0       0       0       0       0       0       0       0    2048
       0       0       0       0       0       0       0       0       0       0
       0       0       0       0       0       0       0       0       0       0
       0       0       0       0       0       0       0       0       0       0
      18      32      32      30      30      24      27      38      28      27
      21      24      34      21      35      35      24      30      21      23
      36      29      32      35      21      20      27      36      25      31
      20      28      33      27      30      36      32      29      21      29
      25      36      28      31      23      25      28      18      17      31
      18      20      24      20      30      30      25      28      24      27
      38      26      31      26      30      29      26      31      29      30
      21      33      32      27      29      30      33      43      49      44
      48      73      67     122     117     149     181     200     208     261
     214     211     189     181     186     141     134     112      82      85
      84      63      81      61      79      76      64     102      89     106
     103     142     156     220     266     421     626     869    1130    1539
    1712    2301    2496    2893    2934    3232    3236    3262    2865    2687
    2242    2158    1698    1413    1084     929     642     536     414     370
     271     299     297     352     304     368     319     365     315     320
     309     313     231     221     186     164     133     114     121      90
      75      98     105     113     129     143     162     187     195     235
     217     223     196     216     174     181     142     152     104     102
      86      61      60      53      47      46      32      43      40      20
      29      32      31      26      41      31      28      31      24      21
      32      33      32      32      29      24      31      28      25      31
      20      34      25      25      30      30      14      18      21      20
      19      19      25      18      12      27      18      27      16      24
      24      30      23      24      28      28      26      33      35      30
      48      39      33      33      35      38      27      20      27      27
      36      39      25      32      30      32      28      28      40      29
      28      26      30      31      28      41      24      39      24      27
      20      25      21      25      18      26      26      17      23      24
      26      27      33      20      21      20      23      30      28      19
      32      25      25      26      33      30      15      29      17      18
      24      31      30      29      23      32      27      32      23      31
      26      33      19      34      33      26      26      32      28      34
      33      41      46      43      53      48      79     103     163     184
     226     289     361     479     614     771     889    1038    1173    1305
    1230    1442    1432    1358    1193    1144     968     874     632     518
     410     306     246     193     137     120     104      90      93      81
      84      81      58      96      97     108     106     134     140     200
     180     193     206     207     226     248     176     210     167     172
     121     128     112      87      83      73      63      64      64      61
      36      52      46      52      60      47      52      55      59      70
      60      65      57      68      77      65      61      62      65      69
      69      69      98      85      82      86      81      76      82      72
      73      98      97      77      78      96      83      85      88      83
      87     108      94      91      96     120     103      84      92     100
      84      63      88      91      82      74      76     104      67      81
      79      81      76      89      81      56      59      76      83      74
      72      77      87      81      75      63      83      71      77      72
      84      83      65      67      65      73      78      82      85      76
      68      79      77      85      76      79      75      76      71      76
      84      79      68      77      90      94      85      96      88      89
      71      90      83      84      88      96      79     102      87      68
      81      86      92     107     104      88      90      97      89      98
      83     111     101     101     108     101      87      91     105     115
      91     122     120     143     112     143     144     126     155     155
     123     122     142     131     155     137     118     129     100     131
     125     122     109     112     104     113     112     112      94     115
     115     132     121     125     125     106     123     126     145     134
     134     115     137     123     149     120     118     143     141     141
     157     142     137     160     152     142     155     127     141     141
     133     155     152     156     149     147     145     164     143     150
     162     149     175     143     172     180     186     207     159     239
     192     255     219     278     316     327     366     435     456     522
     585     648     711     818     773     896     890     988     965     985
     947     904     885     836     739     707     638     581     510     472
     383     422     318     293     258     235     247     235     219     224
     209     228     196     246     187     213     184     228     201     236
     225     196     192     219     169     210     213     211     198     223
     194     223     232     246     204     232     243     208     224     206
     231     222     224     271     268     279     244     304     266     351
     346     355     396     480     507     668     812    1053    1432    1758
    2130    2767    3533    4491    5149    6389    7911    9175   10001   11940
   13041   14529   15073   16328   16715   17491   16588   16681   16329   15578
   14070   13447   11519   10574    8643    7810    6622    5473    4252    3577
    2830    2294    1749    1453    1239    1038     828     689     638     538
     415     379     352     342     312     342     274     267     235     278
     232     231     205     266     253     264     239     233     242     223
     219     254     246     276     225     286     259     243     265     308
     301     340     361     318     369     424     388     467     527     533
     503     606     611     640     660     720     725     713     798     813
     824     890     950    1059    1091    1276    1311    1544    1742    2073
    2381    2903    3248    3878    4296    5033    5606    6480    6863    7749
    8244    8985    8950    9321    9517    9896    9328    9889    9132    9197
    7879    7932    7294    6690    5912    5581    4835    4523    3948    3612
    3149    2874    2539    2439    2338    2099    1894    1977    1949    1948
    1976    2065    2178    2355    2437    2608    2831    3076    2976    3028
    3072    3044    2882    2914    2673    2682    2294    2289    2005    1832
    1508    1473    1262    1099     905     793     741     609     500     478
     444     375     370     347     310     301     275     253     261     272
     242     191     192     225     161     209     217     221     171     179
     201     215     200     206     215     244     237     250     240     293
     262     338     332     352     359     353     339     411     394     412
     416     386     397     385     383     414     356     354     334     334
     353     339     312     312     325     336     352     302     293     328
     297     349     320     377     368     425     445     438     516     537
     675     754     773     900     963    1096    1179    1293    1295    1519
    1524    1643    1656    1710    1622    1697    1620    1476    1427    1403
    1227    1127    1084     988     859     785     698     678     574     523
     509     458     435     411     428     456     428     465     494     527
     541     598     582     615     634     691     718     749     679     714
     697     678     700     606     623     568     520     492     442     429
     360     321     290     323     272     267     259     217     214     238
     217     204     182     215     196     231     213     214     214     243
     223     224     220     242     204     225     211     225     203     204
     188     199     166     161     198     178     147     173     164     156
     137     149     164     160     116     152     140     177     155     150
     151     160     147     143     148     141     155     172     193     165
     175     156     192     174     157     187     162     169     176     172
     161     163     163     167     178     166     155     176     176     162
     145     142     141     134     145     152     148     142     133     132
     166     174     155     164     166     155     150     165     155     148
     147     152     155     135     173     151     144     157     143     133
     163     146     163     153     163     138     147     129     132     135
     131     146     131     136     130     137     128     141     117     156
     143     155     116     135     121     169     126     128     147     135
     130     140     137     136     107     122     143     137     115     120
     119     143     118     132     135     135     115     114     147     135
     114     138     142     144     121     128     147     142     153     137
     119     128     129     122     128     132     118     123     147     114
     122     117     125     155     142     108     115     140     112     145
     135     122     135     130     113     132     126     135     126     136
     119     129     115     128     123     127     118     118     144     120
     122     117     122     118     121     126     109     118     114     128
     120     111     120     111     130     120     136     120     119     137
     118     130     133     107     128     133     117     121     140     128
     136     115     108     120     109     128     123     126     118     126
     122     109     130     131     111     133     137     136     111     115
     130     116     107     125     116     108     146     130     122     121
     104     113     112     121     114     140     107     113     142     113
     132      96     121     132     119     115     118     123     119     118
     109     116     105     125     126     120     130     116     123     128
     113     119     109     114     133     134     119     131     108     129
     103     158     106     132     119     111     121      99     118     118
     107     120     117     116      94     102     111     107     108     129
     114     120     102      99     105     103     104     120     106     133
     105     105     132     103     119      97     111     120     115     109
     121     119     101      98     102     105      98     119     104      98
     123     109     106     108     116      97     118     107     102     113
     108     116     116     127     107     108     111     116     113     114
     109     134     114     107      99     106     118     115      97     100
     104     102     107     106     100     131     120     108     101     119
      86     117     104     105     101     105     107     121      91     114
     107     114     100     100     106     113     100     102      98     111
      88     118     106     109     109      88     113     128     105      81
     106     106     100      91     116     117      86      99     107      86
     105      88      97     105      86     104     107     126      97     118
     104     107      96      85     111     131     112     118     122     112
     114     122     118     136     114     125     125     120      88     106
     101     111     105     106     108     119     126      97     107     112
      99      91     112      93      88      97     115     105      97      98
     102      99      93     108      86      94      94     100      90      99
      92      91      91      86      86      96     103     109      88     129
      86      88      97      81      85      91     132     104     108      86
      97     108      90     102      93      99      72     103     104      85
      90     103     105      75      88     106      93      87     105     114
      94      98     108     106      94      93      87      97     101     101
     105     116     104      86      97     136     119     111     117     105
     109     108     120     106     123     101     128     111     107      98
     114     102      85      98     108      99      90      93      91      81
     115     113     100     104     104     100      88      93      92      83
      92      94     111      74      97      98      94      89     109      78
     101      71      86      81      87      97      85      84      99      91
     101      82      94      76      98     102      71      94      96      88
      85      78      85      83      84      88      96     104      91      91
      91      89      82      85      86      89     109      96      94      86
      88      77      85      88      81      73      90      85      97      76
      90      73      82      85      88      91      91      88      96     103
      85      77      89      97      96      83      87      79      94      87
      98      69      83      91      77      83      83      79      75      88
      87      84      86      84      90      99      88      85      81      89
      67      67      76      83      94      97      92      92      84      70
      85      96      70      65      82      90     101     100      96      64
      84      81      76      88      99      94      83      90      77      90
      86      92      86      81      81      73      94     103      85      72
      93      73      86      87      82      79      62      68      90      96
      88      96      74      81      81      69      73      81      60      77
      74      85      78      76      93      71      67      75      71      87
      93      85      85      90      85      84      89      86      75      77
      81      79      73      89      75      91      70      83      81      90
      82      85     101     104      97      86      90      79      77     116
      97      86     100     106      94      88      72      78      83      91
      91      94      89     107     104      88      79     102     102     104
      88      99      97      91     114     116      92      99     105      90
      90     102     116      90      94     119     102     105     105     120
     114     130     103     130     118     116      99     105     114     114
      93     133     142     111     128     140     121     133     136     130
     151     152     152     162     149     150     164     149     201     202
     176     194     191     204     257     216     244     234     250     278
     286     295     263     335     306     339     277     376     320     376
     349     394     411     381     430     443     450     452     451     492
     556     509     471     481     482     495     498     500     503     543
     566     547     553     495     491     496     507     541     445     487
     507     444     426     473     484     447     433     448     420     404
     371     348     360     337     304     339     328     309     301     287
     290     290     238     248     224     232     224     205     237     210
     203     196     214     179     157     176     174     151     129     147
     135     136     155     135     141     126     115     138     148     116
     119     114     128     141     135     135     148     163     173     150
     182     169     180     186     220     207     230     232     258     286
     249     305     288     295     349     368     379     331     336     334
     338     364     364     322     382     363     287     338     341     319
     279     272     312     261     235     233     233     177     195     167
     162     151     134     119     126     118      88   39467
