$Informacoes da Fluorescencia de Raios-X:
"Sample    : tlcl_34714_16p",                                                             
"Operator  : ",                                                                           
"Comment  : micromatter tlcl 44.8ug/cm2",                                                 
"Group     : kerr2007ab13liv300al",                                                       
"Date       : 2018-04-02 18:24:24",                                                       
"",                                                                                       
"Mesurement Condition",                                                                   
"------------------------------------------------------------------------------------",   
"Instrument : 700HS2   Atmosphere : Vac.   Collimator : 10(mm)   Spin : No",              
"------------------------------------------------------------------------------------",   
"Analyte               TG kV   uA      FI Acq.(keV)  Anal.(keV)  Time(sec)     DT(%)",    
"------------------------------------------------------------------------------------",   
"Na                    Rh 50  430-Auto Al  0 - 20    0.8 - 1.2   Live -  180   20",       
"Channel_info_start",                                                                     
"Channel : Na",                                                                           
"Points : 2048
"Range : 0.000000 - 20.480000",                                                           
"Step : 0.010000",                                                                        
"Channel_info_end",                                                                       
$DATA:
       0    2047
       0       0       0       0       0       0       0       0       0    2048
       0       0       0       0       0       0       0       0       0       0
       0       0       0       0       0       0       0       0       0       0
       0       0       0       0       0       0       0       1       0       1
      18      42      34      54      32      41      40      51      62      38
      43      46      41      53      46      56      63      75      78      93
     103     117     128     120     134     123     113     131     119     117
     128     110     113     110      88      96      72      75      55      67
      58      56      41      51      43      40      48      35      44      53
      47      52      36      69      59      42      68      46      71      75
      55      51      57      61      42      43      44      49      29      40
      38      41      39      26      33      42      40      48      40      44
      40      48      51      50      33      42      39      50      41      46
      32      37      47      41      49      46      38      43      33      40
      41      50      58      30      48      50      49      55      47      39
      38      49      42      50      53      43      43      51      44      32
      29      49      44      36      39      37      49      52      48      62
      44      43      50      48      51      54      52      58      73      88
     126     126     157     235     273     364     362     403     414     433
     374     386     340     323     312     253     253     220     204     184
     162     143     192     178     163     199     213     218     248     262
     254     265     304     313     301     320     317     325     309     378
     332     404     344     448     399     464     473     517     646     855
     989    1397    1657    2202    2765    3305    3855    4213    4654    5074
    4958    5374    5134    5210    4918    4697    4505    4499    4171    3900
    3424    3190    2514    2367    1883    1606    1241    1000     802     710
     506     471     456     534     520     746     809     952    1138    1326
    1431    1569    1630    1801    1660    1627    1423    1281    1093     981
     695     597     394     338     247     225     171     201     166     196
     170     226     203     235     210     221     214     225     181     175
     168     143     148     149     142     164     176     147     181     201
     189     230     193     219     202     189     193     181     151     123
     132     103      93      94      65      58      61      51      50      41
      46      44      31      33      22      35      34      29      35      34
      32      37      35      30      32      30      41      42      41      37
      34      40      39      34      40      44      53      40      36      35
      32      46      39      46      58      57      80      99     102     130
     176     236     261     400     418     612     689     795     931    1006
     958    1027    1076    1054     939     838     756     635     472     433
     329     267     166     140     138      96      75      67      71      65
      62      66      71      60      76      73      75      91     110     124
     101     140     159     157     156     166     142     128     103     106
      89      98      80      69      53      50      38      41      40      34
      38      30      32      34      48      30      34      25      22      34
      37      39      39      42      43      36      43      54      43      47
      59      55      51      50      60      54      53      68      38      61
      53      60      67      77      76      71      58      76      62      74
      59      54      53      68      58      56      58      66      57      60
      46      70      68      73      58      49      53      61      59      56
      55      53      61      53      65      73      59      72      60      54
      55      58      51      53      67      56      70      59      61      56
      68      58      48      70      60      74      62      54      56      62
      54      59      62      62      72      66      52      59      69      69
      57      57      59      49      53      65      41      80      62      58
      50      72      71      57      70      71      75      70      69      75
      94      79      78      86      89     104     107     110     102     110
     102     134     123     139     123     115     132     146     133     125
     129     148     146     126     149     167     126     135     137     146
     135     122     123     122     123     142     134     132     122     145
      86     121     107     113     112     104      86     107     111     117
      93     103      92     114     106     107     117     109      93      97
     107     102      99     113      98     102      93      96      97     104
     107      99     108     117      94     117     115     112     110     124
     112     113     103     115     126     101     123      97     114      96
     115     111     124     112     125     120     114     134     124     125
     115     128     112     125     128     137     137     122     114     116
     114     132      96     114     113     133     102     137     102     110
     102     104     121     121     111     125     107     112     113     127
     109     101      98     106     112     122     119     114     113     116
     109     104     105     108     119     121     117     121     124     133
     126     107     117     131     120     139     120     129     135     127
     127     115     129     114     143     112     137     111     128     132
     110     116     139     130     139     137     117     111     138     142
     131     164     125     146     142     166     127     165     149     162
     116     152     137     138     146     146     160     135     146     146
     130     176     148     188     148     157     167     167     172     171
     153     177     167     164     156     181     152     152     165     157
     164     155     169     164     156     160     161     159     150     158
     146     138     137     164     124     166     141     151     130     182
     171     160     181     186     135     152     140     162     149     152
     167     158     135     163     165     207     157     190     207     205
     204     215     202     213     210     223     219     239     256     279
     248     246     246     201     215     211     198     220     179     171
     201     174     164     166     155     145     161     163     126     149
     164     158     166     150     157     137     140     170     158     161
     156     144     143     144     165     167     180     177     164     164
     164     193     171     189     194     198     196     197     169     222
     199     195     211     247     252     228     212     228     259     244
     229     246     226     237     234     210     221     210     196     221
     207     231     219     266     268     313     351     323     402     464
     483     495     562     685     701     791     830     833     836     927
     875     928     900     861     839     815     797     761     678     650
     530     540     467     414     369     320     290     265     230     240
     250     201     164     162     184     153     165     162     131     163
     139     142     159     145     147     159     151     164     163     144
     161     142     128     139     149     143     131     142     142     138
     137     148     121     145     141     148     172     144     130     133
     149     149     145     153     134     167     160     148     152     152
     148     156     134     189     139     179     158     156     160     156
     185     181     194     198     166     142     178     178     195     180
     158     146     194     223     169     202     211     189     212     248
     206     268     236     327     361     402     487     577     712     840
     898    1189    1438    1747    2073    2470    2980    3588    3985    4705
    5723    6573    7039    8280    9057   10264   10418   11706   12275   13060
   13069   13941   13470   14017   13032   13325   12784   12241   10987   10826
    9345    8684    7525    6812    5710    5022    4079    3612    2868    2536
    1866    1528    1252    1002     817     675     549     484     343     303
     309     282     225     197     204     176     186     181     187     206
     171     168     169     139     162     176     178     151     135     138
     156     149     130     135     187     155     184     162     164     186
     172     186     172     241     223     216     251     249     268     273
     307     276     264     326     329     332     329     303     319     320
     275     274     271     285     272     235     221     221     223     199
     203     186     201     160     137     159     151     143     145     147
     152     155     140     141     131     133     123     144     139     133
     123     135     125     153     144     129     150     140     141     134
     121     155     123     141     116     142     150     155     117     129
     145     149     125     142     152     163     175     163     174     145
     165     181     204     198     214     252     242     248     293     324
     301     366     323     440     455     454     490     525     599     589
     614     671     662     732     729     733     758     766     724     798
     807     795     839     828     850     927     997    1001    1041    1313
    1355    1653    1953    2150    2409    2841    3352    3827    4154    4761
    5205    5991    6065    6766    7083    7778    7780    8263    8691    8966
    8603    8822    8228    8570    7756    7658    7464    7127    6549    6074
    5718    5376    4484    4240    3806    3432    2914    2591    2463    2105
    1710    1591    1401    1277    1096    1012     911     815     727     659
     649     585     529     560     544     523     467     493     477     486
     457     455     507     462     437     441     451     460     404     357
     400     340     315     322     275     268     257     234     229     230
     164     165     175     168     168     183     144     159     178     162
     158     176     133     141     152     139     105     140     116     127
     135     113     120     133      85     113     119     130     106     113
     108     113     103     111     106     106     104     107      90     113
      99     110      94     119      86      92     110      84      99      80
      93      97      94     107      98     103      97     103      91     102
      99      98      98      96      99     104      84     105      95     103
     102      93      95      92     107     106      89     110     104      91
     105     119     107     108     109     111     123     140     109     107
     120     128     110     139     113     145     114     129     130     129
     132     159     151     145     149     149     143     142     132     148
     156     140     124     133     138     132     125     111     169     131
     147     161     177     179     186     221     243     302     261     316
     394     473     503     584     637     727     807     820     996    1004
    1070    1068    1188    1261    1197    1303    1287    1350    1277    1267
    1339    1301    1136    1142    1049    1033     977     932     823     758
     624     619     580     579     477     490     386     355     356     353
     323     324     352     348     402     365     346     362     397     410
     393     444     511     464     473     497     460     506     400     480
     451     432     413     401     420     371     379     344     302     301
     291     280     241     231     193     197     175     157     138     134
     148     137     124      88     115      93     116      96      88      94
      84      71      91      91      65      94     113     106     103     101
     104     116     104     128      93     130     113     105     123     124
      93     128     111     121     119     113     128     137     117     138
     127     103     111     111     125     112      94      99      99      97
      91      78      83      75      86      90      78      72      80      68
      93      75      72      78      70      88      71      85      68      70
      68      93      74      73      71      62      92      68      78      87
      86      74      68      76      65      72      69      61      60      66
      73      61      79      87      73      68      70      73      73      97
      85      72      70      90      72      71      73      75      66      79
      68      74      61      70      79      67      78      56      63      72
      58      90      56      80      88      69      69      69      78      78
      79      72      89      81      63      62      69      79      66      65
      79      87      52      66      83      66      62      92      69      65
      86      78      60      76      70      59      78      61      72      85
      63      78      73      83      59      63      62      84      73      86
      76      58      83      66      63      90      63      70      66      65
      73      51      66      70      87      87      69      85      60      84
      75      80      76      69      66      66      80      75      61      61
      62      70      68      67      73      59      87      66      75      71
      72      60      70      69      62      54      70      55      73      85
      65      76      76      56      67      89      70      69      71      62
      66      66      57      66      68      68      63      75      80      75
      63      60      62      66      71      62      61      74      57      72
      62      62      56      69      61      62      63      71      76      62
      71      52      69      67      84      55      72      63      66      63
      56      61      69      63      75      62      71      71      55      63
      70      66      70      52      81      62      62      61      65      55
      73      67      69      88      62      75      68      62      54      67
      85      58      66      80      66      68      54      60      70      96
      71      78      75      85      69      67      71      65      91      57
      75      71      56      78      72      86      71      74      75      81
      86      70      72      74      56      69      91      67      80      77
      77      95      81      70      77      74      69      83      71      95
      85      91      87      68      78      80      94      77      71      78
      80      92      81      76      99      79      89     102      89     111
      89     103      96     112      93     111     116     105      93     111
     119     103     113     134     140     144     141     130     165     175
     158     150     187     181     187     203     193     203     202     200
     219     218     218     250     254     272     246     264     275     261
     310     272     284     329     349     359     355     320     368     363
     386     376     374     412     402     400     393     407     407     382
     394     412     394     437     401     393     418     376     388     411
     375     389     343     384     361     347     326     370     345     358
     276     303     256     303     257     293     253     291     253     232
     232     204     170     194     196     183     159     184     167     160
     146     150     153     138     124     123     123     122     111     126
     120     116     117      92     110      95      87     113      92     104
     111     102     123     119     105     109     137     135     138     137
     156     159     151     179     185     189     207     199     234     238
     275     276     294     308     304     320     345     327     341     349
     348     319     337     326     298     333     325     294     302     284
     272     317     271     275     236     255     230     202     192     175
     170     146     155     145     106     127     107   33742
