$Informacoes da Fluorescencia de Raios-X:
"Sample    : bi_34716_16p",                                                               
"Operator  : ",                                                                           
"Comment  : micromatter bi 47.5ug/cm2",                                                   
"Group     : kerr2007ab13liv300al",                                                       
"Date       : 2018-04-02 18:33:06",                                                       
"",                                                                                       
"Mesurement Condition",                                                                   
"------------------------------------------------------------------------------------",   
"Instrument : 700HS2   Atmosphere : Vac.   Collimator : 10(mm)   Spin : No",              
"------------------------------------------------------------------------------------",   
"Analyte               TG kV   uA      FI Acq.(keV)  Anal.(keV)  Time(sec)     DT(%)",    
"------------------------------------------------------------------------------------",   
"Na                    Rh 50  334-Auto Al  0 - 20    0.8 - 1.2   Live -  180   20",       
"Channel_info_start",                                                                     
"Channel : Na",                                                                           
"Points : 2048
"Range : 0.000000 - 20.480000",                                                           
"Step : 0.010000",                                                                        
"Channel_info_end",                                                                       
$DATA:
       0    2047
       0       0       0       0       0       0       0       0       0    2048
       0       0       0       0       0       0       0       0       0       0
       0       0       0       0       0       0       0       0       0       0
       0       0       0       0       0       0       0       0       1       3
      18      41      35      24      43      45      32      23      23      28
      27      38      44      40      40      51      27      43      35      60
      39      32      32      42      40      45      52      38      34      57
      52      47      67      74      69     111      89     139     147     138
     143     136     138     120     115      86      85     117      87     121
      94      84      89      77      68      77      45      46      43      38
      47      39      43      32      38      43      41      46      48      47
      46      61      62      53      54      45      57      43      37      33
      51      33      36      40      41      22      39      32      37      38
      37      39      28      39      41      44      38      31      39      36
      40      39      34      36      27      42      33      41      31      40
      39      32      43      28      44      34      51      42      39      39
      39      45      56      43      24      56      43      53      41      53
      46      51      46      57      49      59      66      53      54      64
      67      55      53      52      84      62      82      89     101     111
     105     122     146     144     192     252     280     298     365     435
     397     410     380     415     379     376     330     331     273     275
     277     242     221     242     195     163     196     189     186     203
     158     201     158     168     174     177     211     227     205     270
     293     304     328     336     344     371     334     377     377     404
     404     404     523     611     751    1020    1337    1823    2231    2989
    3478    4294    4562    5202    5535    5806    5761    5837    5491    5572
    5142    4987    4899    4794    4516    4677    3895    3598    3057    2813
    2353    1973    1513    1247     959     730     591     534     481     487
     496     517     487     546     594     597     614     607     515     517
     475     443     341     294     261     193     166     152     102      95
      66      73      64      85      78      88      86     104      65     101
      84     111     113     131      97      95      89     109      87      96
      92      83     106     133     144     173     169     192     182     215
     234     226     238     262     243     241     206     235     234     207
     173     173     134     135     113      97      86      89      74      61
      52      64      55      51      40      39      21      37      38      24
      36      35      41      39      52      52      64      74      91     114
     124     195     222     305     336     481     583     680     731     809
     802     854     817     881     823     658     611     519     430     350
     296     244     182     137     105      99     103     106      80      84
      71      60      93      87      87      87      79     113      97     112
     123     125     125     128     160     137     140     122     105     108
      72      74      66      63      49      43      29      47      33      35
      36      33      24      32      36      26      27      31      34      41
      28      37      34      40      28      32      42      51      43      47
      52      44      35      49      49      62      41      48      52      57
      66      40      52      62      49      54      43      48      47      53
      66      53      65      57      54      60      53      57      54      46
      62      57      62      47      53      47      40      40      48      52
      47      41      29      40      35      51      41      49      54      48
      62      45      38      45      42      49      44      67      45      58
      43      46      44      43      52      44      48      51      39      38
      39      45      57      45      49      43      43      49      34      42
      43      52      54      56      46      49      73      54      44      42
      45      61      63      60      56      52      52      52      58      69
      54      59      55      63      59      49      63      67      76      82
      55      81      77      77      84      95      77      97     109     131
     114     126     119     128     129     147     135     147     149     181
     168     194     146     161     121     155     142     144     128     121
     126     115     126     105     111     112     121     102      93      85
     100      88      81      80      93      80      81      66      84      89
      88      85      79      83      89      81      84      74      83      72
      89      84      62      88      81      75      77      72      72      94
      68      75      86      91      57      89      77      87      99      87
      89      88      83      85      95      98      87      98     108     115
     114      98      82      86      99     105      97     107      99     104
     101      85      82      81      94     114      99      96      92      88
     113     101      89      85      92     116      81     100      83     119
      88      86     105     126      92     113      96     106      96     105
     101      95      89      91     101     116      93     109     100     106
     109     119     112     105     106     113     114      96     107      99
     119     106      93     113     115      91     105     107     103     128
      94      97     121     122     101     106     115      98      87      93
      78     119      96     111     102     115      94      94     102     117
     106      97     108     120     104      97     112     128     119     119
     105     128     103     125     103     138     149     111     145     132
     103     121      98     129     133     140     133     124     133     128
      97     131     116     124     131     122     102     127     129     109
     123     129     132     120     117     125     117     139     118     129
     115     133     112     138     102     149     129     129     126     127
     127     121     124     140     135     133     139     151     161     138
     161     167     176     177     206     161     181     188     199     202
     202     178     183     162     175     163     142     135     144     138
     141     128     111     123     104     125     125     112     127     129
     119     128     108     123     122     116     105     119     122     106
     136     134     118     133     121     109     120     127     118     127
     126     131     129     127     125     159     126     132     121     157
     142     200     146     165     181     195     161     211     200     180
     180     211     182     158     159     151     147     174     136     151
     172     147     151     165     138     136     161     145     136     176
     134     145     143     165     146     161     157     143     136     158
     158     160     155     164     127     139     131     146     145     128
     128     145     121     159     128     143     153     142     148     142
     151     154     140     157     144     145     160     176     173     228
     226     259     277     325     336     387     419     507     528     581
     640     726     747     796     849     922     867     897     916     873
     853     873     809     770     736     608     599     588     497     450
     450     384     291     310     267     220     202     158     192     199
     162     192     145     142     147     164     133     143     120     122
     136     120     128     132     148     128      85     119     134     117
     116     109     136     109     106     108      98     133     123     109
     128     129     104     115      99     109     105     103     122     137
     104     118     120     115     128     111     119     132      99     127
     116     121     118     124     104     131     129     139     129     113
     114     127     121     132     129     120     123     142     119     140
     129     132     137     127     134     159     119     156     145     154
     143     124     145     182     169     176     212     198     238     278
     301     347     414     499     579     679     817     963    1201    1483
    1699    2051    2420    2926    3333    3933    4455    5313    5908    6781
    7650    8388    9027    9970   10638   11496   11475   12819   12712   13385
   12570   12708   12331   12279   11277   11024   10081    9513    8546    7647
    6876    6154    4953    4636    3619    3102    2543    2127    1773    1472
    1136     931     763     619     450     375     371     267     271     229
     216     204     165     195     180     172     155     171     161     169
     159     154     139     165     127     146     154     157     151     123
     125     139     137     140     164     135     122     133     122     152
     147     146     132     139     126     139     136     156     140     158
     164     168     153     177     191     167     192     196     212     235
     215     248     270     264     273     286     316     279     275     314
     281     262     254     303     264     243     231     225     207     188
     175     204     169     172     177     155     138     138     127     120
     107     124     111     114     114     135     115      99     107      95
      96     115     105     108     102     125     120     108     122     105
     106     100     118     129     118     140     136     125     111     126
     116     114     126     127     109     153     139     131     138     153
     154     145     207     187     205     243     209     216     222     267
     277     294     281     314     314     370     351     384     353     394
     400     418     473     443     465     473     430     520     542     583
     561     576     524     653     661     681     646     604     701     701
     730     723     745     770     822    1010     951    1174    1315    1493
    1671    1958    2244    2753    2883    3562    3802    4460    4617    5331
    5888    6394    6694    7034    7569    8144    7981    8532    8561    8692
    8252    8466    8297    8077    7254    7272    6602    6340    5611    5215
    4885    4317    3724    3477    3066    2867    2342    2231    1872    1673
    1463    1281    1131    1203     979     954     869     851     753     704
     678     676     640     653     572     614     575     515     552     531
     430     460     483     446     386     398     360     332     305     306
     299     300     208     207     198     188     178     167     155     131
     134     122     141     116     129     129     136     131     119     105
     138     113     119     117     127     116     131     108     107     136
      94     106     111      95      94     103      93     117      94      85
     102      85      88     104      89      89      75      97      88      96
      83      78      81      78      85      92      85      62      68      82
      64      81      60      62      84      86      64      75      75      85
     113      67      69      72      77      77      62      68      71      72
     105      81      89      77      95      87      74      83      81      74
      78      94      77      78      64      79      86      79      73      78
      68      82      65      66      78      75      78      79      88      99
      79      98      97      88      66     117     107     109     101     101
      96     102     102     117     137     139     121     119      95     122
     140     101     114     127     115     106     111      97     102     115
     107     126     122     124     122     125     117     129     159     156
     216     217     224     273     297     347     404     433     470     561
     627     730     728     851     957     959     982     972    1254    1250
    1164    1245    1237    1267    1226    1166    1352    1212    1120    1034
    1095    1019     912     912     802     710     693     594     545     526
     476     474     386     394     330     362     292     312     280     263
     298     298     267     321     333     358     370     377     388     361
     396     413     399     446     397     439     474     440     421     417
     419     383     431     419     391     375     293     293     281     284
     225     216     211     216     193     167     151     151     134     122
     115     102      98      83      87      89      69      84      95      57
      66      79      73      64      64      81      67     100      75      79
      80      86      84      83      97      98      96      86     103     103
      92      88     108     114      80     108     118     107     109     120
     118      88     103     120     102      97      87      93      87      98
      72      76      75      61      66      71      85      87      60      79
      83      59      68      56      56      53      53      68      66      63
      68      49      57      59      51      63      64      56      64      60
      74      72      65      54      45      52      60      51      59      53
      55      58      55      58      59      61      61      68      58      47
      48      59      58      54      68      59      67      66      64      61
      55      51      53      75      53      59      63      63      63      42
      55      60      55      60      76      61      57      49      44      54
      43      51      63      59      59      55      57      53      52      56
      55      57      54      66      49      47      47      54      44      38
      48      58      44      55      45      44      53      56      56      53
      61      46      60      61      53      47      56      67      54      60
      46      53      48      45      61      41      53      56      51      53
      49      55      52      60      65      57      61      58      61      65
      58      64      53      58      53      56      61      67      54      61
      57      57      46      58      49      76      47      57      59      60
      52      55      59      57      51      65      54      64      55      55
      75      51      45      60      55      57      60      65      61      61
      65      67      59      68      60      65      72      58      49      58
      75      65      60      52      63      59      66      55      85      77
      71      56      66      89      59      64      76      77      59      65
      64      62      76      78      79      91      57      71      81      83
      67      82      89      94      68      84      91      77      83      89
      96     102      95     107     101     100     117      96     142     136
     129     128     136     143     140     133     135     174     151     144
     165     166     182     194     200     209     200     214     229     245
     227     234     259     290     254     298     299     270     267     267
     307     305     305     347     306     356     314     321     304     327
     313     315     343     311     311     305     281     334     287     305
     304     304     270     265     325     296     258     234     247     258
     238     237     267     244     193     199     193     223     186     181
     196     165     161     163     157     165     133     122     143     144
     133     143     105     120     109     106     102      95      97      98
      84      88      95      89     116      68      85      58      88      87
     100      83     101      96      95      87     108     114     106     116
     145     138     138     153     161     165     186     186     238     222
     220     222     275     246     287     254     261     305     308     300
     295     350     317     321     353     295     279     298     256     276
     248     275     264     242     221     212     215     202     180     139
     131     141     140      98      89     106      98   28175
