$Informacoes da Fluorescencia de Raios-X:
"Sample    : branco2_8p",                                                                 
"Operator  : americo",                                                                    
"Comment  : micromatter",                                                                 
"Group     : kerr2007ag180cal_lt",                                                        
"Date       : 2018-04-03 17:02:35",                                                       
"",                                                                                       
"Mesurement Condition",                                                                   
"------------------------------------------------------------------------------------",   
"Instrument : 700HS2   Atmosphere : Vac.   Collimator : 10(mm)   Spin : No",              
"------------------------------------------------------------------------------------",   
"Analyte               TG kV   uA      FI Acq.(keV)  Anal.(keV)  Time(sec)     DT(%)",    
"------------------------------------------------------------------------------------",   
"Na                    Rh 50 1000-Auto Al  0 - 20    0.8 - 1.2   Live -  178    9",       
"Channel_info_start",                                                                     
"Channel : Na",                                                                           
"Points : 2048
"Range : 0.000000 - 20.480000",                                                           
"Step : 0.010000",                                                                        
"Channel_info_end",                                                                       
$DATA:
       0    2047
       0       0       0       0       0       0       0       0       0    2048
       0       0       0       0       0       0       0       0       0       0
       0       0       0       0       0       0       0       0       0       0
       0       0       0       0       0       0       0       1       0       1
      14      24      28      30      30      29      20      22      13      24
      18      34      28      23      27      22      25      29      43      32
      21      31      23      37      18      22      23      22      24      29
      18      20      18      32      29      25      21      31      20      25
      16      21      21      24      21      24      21      27      20      28
      20      13      18      21      25      28      22      22      21      30
      24      17      27      29      26      21      20      28      35      28
      36      35      28      21      25      24      34      22      25      20
      26      30      17      24      17      20      18      27      17      28
      25      29      25      28      20      24      32      34      21      33
      23      33      21      24      23      19      23      26      27      20
      23      22      26      29      19      20      21      24      31      29
      20      28      20      21      20      25      22      19      30      18
      25      26      26      17      23      22      23      28      25      27
      27      20      28      22      21      28      20      29      34      25
      38      20      34      33      25      30      35      42      39      54
      41      72      68      74      99     133     144     148     179     170
     205     225     205     232     213     200     163     139     120     116
      89      66      61      48      35      34      29      32      29      25
      24      24      16      33      16      21      23      20      22      25
      22      28      24      22      25      20      25      20      31      17
      20      20      16      20      19      20      10      20      23      18
      24      19      11      17      12      27      15      18      18      24
      20      16      19      17      30      33      29      29      29      26
      31      36      34      38      25      36      39      28      29      28
      25      34      25      31      27      43      42      42      25      34
      26      29      27      29      33      23      22      20      27      20
      31      28      22      28      22      20      23      24      26      24
      23      20      16      23      23      25      25      18      31      29
      28      23      27      20      29      25      22      25      28      36
      30      21      29      32      31      33      35      28      26      37
      29      39      35      39      47      27      37      34      36      49
      50      54      52      83      71     104     158     177     249     311
     392     586     681     935    1144    1376    1510    1871    1965    2327
    2193    2400    2399    2302    2173    2033    1793    1550    1244    1015
     787     654     493     383     281     212     180     130     141     133
     128     138     139     145     150     176     184     216     244     302
     311     318     324     349     341     346     302     304     278     238
     230     174     157     145     113     105      91      65      55      55
      56      57      57      56      60      63      45      58      65      62
      75      70      78      68      78      88      67      94      98      85
     124     101      87     103      97     106     111     128     124     121
     114     109     114     127     108     140     160     132     123     102
     116     152     115     129     107     118      83      98     102      92
      98      96      85      97      93      93      96      90      85      82
      76      83      79      85      82      76      73      83      94      88
      75      81      71      79      70      82      76      70      80      79
      79      75      72      71      76      84      65      82      76      89
      76      82      81      81      78      77      79      65      91      81
      81      88      88      66      73      91      76      86      84      72
      74      93      78     112      78      87      76      96      93     108
      99     107      87      95      83      87      95     100     100     115
      92      97     110     114     102      89     107      95      80      98
      99      89     111     105     104     103      84      98     108     108
     114     121     118     121     100     118      94     114      99     109
     113     128     101     121     124     131     100     121     135     137
     112     152     139     142     117     129     113     140     127     137
     124     128     141     139     127     147     146     155     141     146
     140     160     158     152     161     144     150     160     135     132
     167     158     114     167     151     187     151     145     153     165
     155     179     160     170     157     174     163     173     180     174
     135     176     169     181     180     209     172     195     177     198
     185     183     192     174     178     176     169     178     181     186
     189     175     168     180     174     185     193     179     177     198
     174     194     168     189     187     178     194     211     197     218
     170     209     194     196     169     206     213     194     183     178
     169     187     193     204     176     207     223     207     180     176
     182     182     206     207     196     174     208     187     191     163
     183     158     174     191     182     208     169     200     163     214
     162     194     206     188     193     167     148     174     178     176
     178     179     188     175     164     178     184     180     169     171
     185     167     171     205     159     194     163     187     197     171
     185     191     190     187     154     189     191     196     172     187
     166     194     167     186     195     178     193     182     186     195
     195     208     203     207     196     206     180     222     199     233
     211     209     195     212     208     211     214     232     226     205
     225     241     269     249     236     222     264     277     264     263
     297     320     278     252     309     292     290     329     297     294
     288     319     269     265     276     260     254     261     213     212
     231     214     231     201     196     222     198     183     212     168
     187     189     182     207     206     185     170     210     174     197
     187     210     188     201     196     201     192     192     170     196
     215     217     198     199     226     234     198     239     268     284
     243     289     292     318     330     286     294     342     320     373
     297     278     284     301     252     252     296     280     260     253
     214     249     227     224     215     203     184     203     196     210
     194     203     228     218     193     216     212     194     207     216
     185     197     201     196     215     221     159     192     193     186
     192     206     204     215     192     191     199     187     178     196
     200     165     200     192     181     209     162     187     194     182
     207     200     176     188     202     193     185     178     173     193
     170     176     178     178     169     211     204     194     210     197
     195     164     175     197     183     192     204     193     207     171
     204     195     186     180     192     190     178     218     189     217
     184     200     196     216     184     197     191     175     176     162
     159     199     165     165     179     169     159     168     182     200
     185     169     209     194     176     191     164     179     176     193
     185     162     189     171     171     179     192     186     186     181
     174     185     182     209     184     173     169     173     200     184
     186     198     170     175     164     203     161     175     168     196
     190     168     196     180     200     178     174     213     180     173
     200     183     183     190     178     177     183     148     169     197
     158     186     178     193     171     181     169     183     177     163
     173     181     177     183     184     193     166     154     200     155
     163     183     182     193     178     185     184     204     168     164
     188     181     172     173     178     186     178     190     189     183
     185     198     149     188     151     202     187     190     163     188
     176     178     173     205     155     182     160     179     156     167
     169     195     142     169     155     169     175     177     156     168
     183     192     166     174     162     204     166     199     164     171
     175     201     194     192     167     160     173     172     182     174
     172     190     188     183     161     171     170     163     175     173
     125     180     182     177     164     181     158     183     162     168
     181     178     148     167     162     175     156     186     154     184
     170     172     175     154     184     169     174     186     171     157
     150     192     162     163     147     178     167     165     168     162
     159     176     173     158     151     158     165     186     159     181
     159     179     163     163     122     183     175     161     147     173
     175     166     155     161     167     168     182     152     139     173
     178     155     178     155     162     184     146     176     171     159
     149     168     172     166     160     164     172     155     163     168
     161     184     168     157     165     184     139     186     164     166
     167     177     153     159     151     162     172     149     156     160
     169     181     155     159     169     139     154     161     131     176
     154     185     176     139     134     162     180     157     140     139
     148     155     161     158     148     158     140     154     167     178
     146     148     156     165     138     151     169     152     156     165
     166     139     142     135     142     128     141     168     163     164
     140     148     180     165     156     170     152     168     132     147
     162     161     172     153     162     160     147     150     156     165
     133     138     152     158     143     165     144     149     134     157
     146     149     147     159     138     139     150     125     140     139
     142     162     155     170     120     142     158     164     150     165
     143     140     154     160     158     125     145     137     164     141
     156     139     158     185     151     146     139     141     156     141
     150     149     157     163     142     128     147     139     143     141
     130     178     163     133     137     137     141     156     129     139
     141     130     126     143     127     149     138     161     159     163
     141     119     147     149     139     138     130     139     128     139
     152     130     138     143     165     134     123     132     176     164
     123     138     138     149     127     134     139     122     144     167
     143     144     148     126     143     138     133     135     143     148
     140     147     141     130     105     158     116     162     139     124
     130     155     134     139     146     137     136     141     138     151
     127     152     135     148     123     113     132     119     135     126
     143     139     119     135     147     139     118     123     134     139
     123     137     164     151     121     132     134     143     145     138
     140     153     105     103     146     138     140     129     136     141
     120     114     142     132     116     135     141     129     130     118
     139     131     145     132     126     140     118     119     123     125
     116     145     132     136     125     120     144     133     121     117
     139     119     137     124     138     136     110     124     133     142
     132     114     151     124     132     112     123     125     113     120
     110     128     119     124     127     122     120     139     127     119
     115     122      92     127     120     111     119     133     103     127
     105     131     117     113     123     124     103     120     110     124
     132     128     116     101     116     125     120     131     131     119
     115     139     104     124     127     139     127     102     106     119
     111     119     135     117     137     120     118     121     128     122
     114     123     121     120     118     122     120     117      99     113
     108     120     132     111     112     123     105     106     101     120
     114     110     110     115     124     134     114     139     120     126
     134     147     114     138     121     118     106     120      93      99
     108     111     108     120     123     139     126     108     112     141
     115     124     128     120     115     123     117     109     118     121
     111     122     113     139      91     119     107     101     106     113
     107     116     131     125     124      99     102     106     117     109
     125     111     105     110     122     120     112     100     107      93
     117     121      94     120     120      99     106      99     111     127
     118      94     103     123     108     108     106      98     116     109
      93     117     135     120      98      94     115     117      94     104
     117     111     115     117     108     115     108     115     107     116
     108     108     106     107     110     109     124     118     123     105
     131     107     101     121     116     112      92     129     132      95
      89     109     115     102     115     109     111     100     109     103
     111      99     121     119     124     121     110     116     103     110
     109      98     137     115     121     109     127     124     118     108
     107     129     125     124     108     122     109     113     123     123
     116     113     122     102     114     116     123     121     125     141
     122     135     128     129     130     135     123     138     114     145
     121     114      87     131     109     110     139     133     127     146
     121     127     132     117     133     139     126     132     160     154
     137     109     168     148     152     150     152     176     144     172
     164     175     178     187     155     175     158     166     200     199
     173     207     203     217     186     193     222     218     219     223
     233     258     257     230     284     289     288     286     332     331
     315     331     361     373     378     435     392     402     427     451
     455     504     487     557     561     611     555     585     638     631
     613     666     725     693     694     697     780     734     786     796
     859     828     830     838     809     868     791     837     827     837
     852     846     863     857     812     838     826     863     789     761
     770     776     720     732     738     705     595     626     632     633
     596     558     575     565     513     490     477     483     448     438
     384     395     387     367     345     300     312     288     265     325
     277     243     248     282     229     208     239     209     212     219
     235     202     192     182     179     158     167     187     178     180
     139     159     156     192     170     163     209     201     174     218
     218     202     184     220     246     236     251     258     273     285
     269     282     302     300     308     273     321     309     305     308
     298     316     268     292     263     290     312     281     265     247
     245     245     256     203     199     176     207     159     169     149
     169     151     121     124     138     118     113   56511
