$Informacoes da Fluorescencia de Raios-X:
"Sample    : nacl_34662_8p",                                                              
"Operator  : americo",                                                                    
"Comment  : nacl49.8micromatter",                                                         
"Group     : kerr2007ag180cal_lt",                                                        
"Date       : 2018-04-03 08:11:06",                                                       
"",                                                                                       
"Mesurement Condition",                                                                   
"------------------------------------------------------------------------------------",   
"Instrument : 700HS2   Atmosphere : Vac.   Collimator : 10(mm)   Spin : No",              
"------------------------------------------------------------------------------------",   
"Analyte               TG kV   uA      FI Acq.(keV)  Anal.(keV)  Time(sec)     DT(%)",    
"------------------------------------------------------------------------------------",   
"Na                    Rh 50  723-Auto Al  0 - 20    0.8 - 1.2   Live -  179   15",       
"Channel_info_start",                                                                     
"Channel : Na",                                                                           
"Points : 2048
"Range : 0.000000 - 20.480000",                                                           
"Step : 0.010000",                                                                        
"Channel_info_end",                                                                       
$DATA:
       0    2047
       0       0       0       0       0       0       0       0       0    2048
       0       0       0       0       0       0       0       0       0       0
       0       0       0       0       0       0       0       0       0       0
       0       0       0       0       0       0       1       2       1       2
      11      32      27      27      27      31      24      25      43      35
      29      32      23      45      33      29      28      32      31      40
      35      30      33      37      29      29      19      21      29      30
      29      29      31      36      33      26      25      31      23      27
      29      21      25      29      26      35      31      51      50      46
      46      54      78      59     105      88     106     124     104     133
     106     117      84      90      60      52      58      63      55      70
      76      94      86     121     100     110     111     109      95      84
      55      53      52      53      36      31      42      35      44      36
      38      31      40      28      24      26      26      38      33      34
      32      34      29      36      28      30      37      29      28      25
      33      39      36      51      41      35      30      43      36      44
      29      50      48      40      34      30      36      40      29      34
      29      45      30      33      21      24      26      40      35      40
      31      37      30      46      38      32      43      30      38      35
      34      46      41      55      39      30      46      50      49      53
      50      67      72      69      78      96     122     129     151     156
     154     187     180     171     165     151     146     121     111     105
      78      82      83      71      62      59      77      61      56      78
      63      90      77      96      99     105      87     103     102      98
     119      93     114     120      94      94     115     133     131     136
     105     131     106     120     140     125     173     178     179     214
     262     328     474     665     868    1427    1690    2364    2843    3627
    4076    4782    5040    5608    5257    5455    4863    4475    3821    3390
    2577    2191    1568    1216     832     656     545     484     440     464
     503     508     532     519     526     517     464     429     374     291
     241     207     156     134      96      63      40      38      30      30
      29      27      37      27      28      28      18      26      31      19
      23      19      27      29      26      30      29      27      26      27
      25      34      35      43      24      30      30      30      28      34
      32      30      36      41      38      27      21      32      29      29
      29      31      39      40      32      39      27      41      41      42
      54      54      50      46      62      71     109     167     188     242
     305     407     497     686     847    1023    1155    1389    1498    1684
    1615    1804    1823    1729    1578    1419    1238    1107     860     712
     577     454     331     284     212     148     135     102     128      96
      92     113     102     105     119     138     145     178     189     223
     222     245     260     235     292     255     255     228     211     190
     185     145     128     125      86      77      78      63      58      46
      62      53      45      58      56      70      59      67      59      59
      61      60      76      73      77      76      57      85      92      83
      87      88      71      94      90      92     111      95      95     102
      90      80     103     111     104     129     128     120     113     115
     125     131     118     155     126     165     131     124     147     120
     115     132     134     126     100     119      93      71     110      90
      85      95      86      92      96      71      80      76      70      91
      80      81      85      87      77      84      99      87     110     104
      96     101      88     102     101     105      93      90     104      90
      86      88      93     106      84      96     101      99     122     103
     103     134     118     115     147     151     182     233     284     390
     420     621     813    1119    1252    1638    1960    2500    2867    3314
    3651    4099    4222    4679    4483    4733    4230    4230    3862    3671
    3106    2741    2231    1861    1468    1219     884     774     553     413
     307     237     199     164     134     131     125     120     124     126
      93     105     116     116     125     131     142     139     138     158
     203     200     232     243     317     308     391     471     517     590
     655     749     799     918     916     970     990    1003     914     967
     838     790     760     662     624     572     484     441     356     328
     302     269     207     224     205     201     190     240     197     190
     227     251     298     328     397     511     705     902    1120    1493
    1928    2453    3277    4201    4861    6140    7226    8385    9306   11170
   11394   12631   12364   13072   13124   13223   11799   11826   10648    9753
    8245    7441    6287    5293    4100    3525    2511    2063    1498    1175
     812     690     491     392     322     283     214     230     200     215
     172     190     169     184     191     186     153     200     176     188
     184     206     170     213     197     234     215     248     234     290
     240     266     320     399     410     512     563     670     748     881
     965    1242    1270    1456    1606    1697    1772    1937    1937    2019
    1892    1960    1877    1840    1577    1548    1335    1257     985     897
     768     692     581     443     386     329     256     234     214     182
     175     186     162     161     185     202     207     259     245     258
     292     312     330     395     428     527     516     534     535     640
     603     613     631     647     572     576     580     548     429     465
     418     353     334     308     240     240     233     234     213     198
     166     157     155     156     142     167     186     176     133     161
     179     170     181     180     164     158     162     179     171     177
     183     203     189     204     211     183     217     227     232     235
     232     312     291     311     308     324     324     317     329     331
     280     323     303     278     296     279     259     253     230     252
     224     230     217     198     236     244     242     247     264     261
     213     263     240     249     206     205     219     215     205     205
     193     199     180     173     166     170     174     198     180     143
     156     150     170     162     192     196     189     193     211     174
     193     206     267     235     265     235     267     262     280     281
     242     259     248     251     223     189     216     223     209     231
     194     188     176     163     168     182     180     198     143     174
     146     151     189     169     153     173     197     192     158     175
     169     185     166     175     156     158     149     124     172     181
     150     154     140     149     137     163     142     167     164     147
     145     158     145     156     143     145     154     127     162     153
     137     166     165     162     134     138     122     147     159     161
     150     144     155     146     143     136     150     174     146     163
     140     138     153     160     169     164     175     174     162     168
     164     160     171     158     147     172     154     177     162     146
     142     163     160     175     137     146     140     140     147     135
     154     153     131     147     154     161     142     128     150     142
     141     153     162     178     133     149     153     155     141     154
     131     151     138     149     149     150     142     158     155     155
     125     141     141     154     131     143     150     160     128     159
     154     161     161     111     148     138     130     149     129     163
     135     142     118     144     129     154     163     141     146     134
     140     148     143     146     133     134     139     131     136     157
     158     120     138     140     140     145     142     144     141     132
     153     132     129     147     118     149     106     159     144     149
     141     149     149     162     137     161     166     136     164     159
     148     144     121     157     147     151     138     137     137     130
     153     158     124     130     137     146     145     161     134     129
     133     161     141     172     139     151     128     156     139     147
     134     134     159     151     136     136     146     130     145     141
     150     158     140     138     163     131     151     159     146     129
     142     134     162     141     143     153     143     150     165     139
     134     127     134     147     136     133     137     125     143     135
     138     153     153     161     136     142     119     157     150     146
     115     129     125     131     136     143     146     163     121     157
     134     151     144     116     120     149     135     130     144     156
     141     137     137     119     156     135     141     138     122     145
     125     127     143     141     129     156     129     155     148     110
     156     149     138     148     131     127     129     156     138     151
     125     136     128     133     125     129     139     134     117     119
     129     117     134     126     129     145     135     142     137     126
     122     124     120     145     143     128     129     128     115     122
     141     139     128     137     136     132     112     113     117     126
     127     123     135     144     163     101     154     135     117     115
     125     140     110     124     112     120     134     128     156     119
     110     127     117     129     119     130     114     141     130     142
     129     124     109     124     142     137     129     130     157     136
     133     124     144     122     121     161     122     146     122     142
     125     129     124     122     140     144     109     132     155     125
     129     117     128     126      96     121     117     102     127     129
     126     144     110     134     106     129     118     127     132     133
     136     124     131     115     134     112     136     114     120     111
     115     151     112     134     120     112     111     153     119     134
     124     132     116     131     107     101     132     127      92     128
     124     134     113     111     115     121     100     103     132     103
     107     139     118     119     125      98     125     127     124     113
     132     125      96     101      91     130     102     105     119      98
     103     136     106     142     115     106     124     118     124     107
     133     105     100     120     125     132      95     118     129     128
     115     111     100     101     122     130     116     120     129     101
     110     105     124     125     111      92     101      96     105     135
     115     111     106     123      93     115     111     131      89     103
     115      94     101     105     113      93     136     110     107     124
     100     103     106      92     121     136     106     111     107     110
     128     115     105     110     125      91     112     102     119     129
     116     131     129     127     105     105      95     102     106     112
     110     127     103     113     101     122      97      93      97     130
      97     100      94     105      90     114     110     110      96     124
     110      94     105      97      85     119      94     128     116     100
      96      95      94      84     106     101     115     106      87     121
     110      99     100      91      98     100     102     111     115     103
      96     118     120      94      89      95      96      95     101     102
      92     111     105      98     116     103     103     102     102     101
      89     105      75     107      80     124     104     102      92     100
     112      97      86     109     102      86      89     100     109     104
      91      87     110     103      85     102      99      91      98      93
      91      94      87      92      99      86     116      75     100     109
      84     100     102      98      85      79      89      92      92     109
      87      88     102     110      96      80     117      98     109     103
      87      93      87     103     106      92      92     105      83      94
      89     119      82     107      89     110      92     100      87      89
     100      83     110     104      81     107      93     112      98      93
      92     103     113     101      99      98      91      77     101      81
      92      87      79      93      90     104      95     112      91      81
      97      88      86     117     102      92      72      78      90      94
      94      80      93      96     116     103      98      92      85     103
     104      99      93      91      88      87      88      99     102      91
      93     104      85      85      87      87     104      94      89      88
      88     101     101     110     102     103     104      76      92     100
      90      87     100      67      73      86     112      91      80      76
      91     101     102      84      88      89      77      82     103      98
      81     100     100      95      94      86     107      88      94     118
      94     127      98     107      92      97     103      94     102      95
      98      99      94      89     110      94     115     104      87     106
     112     122      97      92      96      98     117      88      79      85
     102      90     115      86      99      98      73      87      94      88
      90      93      84      83      91      80     100      88     112      88
      95      85      97      88      84      75      86      97      94      90
      90      89      83      82      87     102      93     100      81     102
      92     103     114      94     100     103      94     101      89     103
      95      97      94     100     105     105      91     114     102     101
      91     102     111     115      87     105      95     104     112     115
     118     104     117     133     109     122      93     127     137      92
     117     131     110     134     103     115     123     129     128     129
     136     111     110     106     143     141     139     154     145     149
     144     169     158     158     164     167     144     187     165     196
     191     191     199     203     210     212     191     223     247     250
     280     284     293     286     289     333     326     336     317     359
     381     370     394     392     430     472     448     480     479     513
     508     512     548     575     535     509     584     557     597     530
     650     653     604     616     623     669     610     656     665     670
     645     595     665     654     647     571     592     620     557     596
     581     580     536     520     523     559     479     501     473     479
     419     447     436     405     347     375     377     359     332     339
     323     324     284     290     272     264     224     222     232     289
     179     184     205     201     185     172     188     186     193     148
     154     149     125     135     167     148     122     150     133     128
     142     143     154     156     129     136     143     160     160     178
     189     177     175     170     191     188     208     205     200     221
     225     229     229     254     200     276     278     295     257     267
     270     296     254     251     285     255     251     216     259     192
     193     194     201     202     156     173     173     153     133     133
     123     124     112     107     114      93      97   45584
