$Informacoes da Fluorescencia de Raios-X:
"Sample    : ki_34667_8p",                                                                
"Operator  : americo",                                                                    
"Comment  : ki49.3micromatter",                                                           
"Group     : kerr2007ag180cal_lt",                                                        
"Date       : 2018-04-03 08:34:08",                                                       
"",                                                                                       
"Mesurement Condition",                                                                   
"------------------------------------------------------------------------------------",   
"Instrument : 700HS2   Atmosphere : Vac.   Collimator : 10(mm)   Spin : No",              
"------------------------------------------------------------------------------------",   
"Analyte               TG kV   uA      FI Acq.(keV)  Anal.(keV)  Time(sec)     DT(%)",    
"------------------------------------------------------------------------------------",   
"Na                    Rh 50  802-Auto Al  0 - 20    0.8 - 1.2   Live -  179   15",       
"Channel_info_start",                                                                     
"Channel : Na",                                                                           
"Points : 2048
"Range : 0.000000 - 20.480000",                                                           
"Step : 0.010000",                                                                        
"Channel_info_end",                                                                       
$DATA:
       0    2047
       0       0       0       0       0       0       0       0       0    2048
       0       0       0       0       0       0       0       0       0       0
       0       0       0       0       0       0       0       0       0       0
       0       0       0       0       0       0       1       0       2       3
      27      42      54      54      48      45      47      47      50      41
      44      36      51      37      53      52      40      34      33      34
      39      37      43      44      39      35      24      43      40      49
      38      37      35      35      47      40      40      50      40      42
      51      45      34      32      33      57      36      41      38      44
      52      42      42      34      39      48      43      29      41      37
      41      46      26      39      40      36      33      34      41      32
      47      29      50      37      32      42      29      33      32      43
      44      41      39      50      44      49      37      37      47      35
      37      45      41      41      40      38      35      42      39      41
      35      40      31      44      48      42      33      36      28      47
      38      41      34      62      50      50      58      60      56      53
      47      59      75      91      89      99     106     106     102      79
      70      81      78      67      52      57      51      69      47      56
      45      42      47      53      45      53      49      56      51      47
      67      56      63      57      58      62      53      57      65      67
      72      70      77     104      95     128     142     142     141     174
     194     205     187     182     205     187     126     169     122     101
     113      73     103      86      71     102     115     104     120     132
     111     112     113     106     113     106      89      84      73      65
      72      56      66      53      64      56      50      67      56      57
      64      63      60      69      68      76      70      90      76      94
      90      65      90     103      78      84      72      67      81      77
      66      59      76      55      62      82      53      65      67      86
      63      83      66      65      73      64      77      79      86      89
      73      78      85      73      96      72      79      98      67      85
      88     101      86      87      90      81      89      94      82      86
      85      89      95      80      79      89     106      88     100      92
      99     108      86      96     101     123     119     163     167     230
     322     399     529     758     972    1434    1664    2230    2632    3139
    3460    3847    4195    4119    4181    4294    3753    3528    3015    2696
    2085    1714    1403    1135     857     754     548     537     497     537
     500     563     553     631     621     652     757     780     818     896
     939    1083    1117    1264    1398    1531    1678    1909    1869    2052
    1972    2146    2015    1987    1821    1664    1541    1382    1153    1054
     901     901     856     961    1103    1409    1692    2167    2598    3471
    4069    4860    5366    6424    6511    7112    7045    7300    6665    6878
    5664    5249    4323    3932    3027    2516    1855    1563    1194     957
     784     741     756     860     935    1235    1445    1987    2216    2757
    3118    3868    3996    4527    4690    5022    4921    4988    4724    4773
    4203    4087    3651    3366    2786    2479    2057    1934    1559    1437
    1232    1081     881     870     862     852     771     895     947    1109
    1013    1287    1208    1263    1181    1256    1244    1104     993     944
     765     693     567     498     375     362     288     258     235     237
     191     203     196     241     285     302     348     408     412     469
     513     543     518     602     563     507     497     449     428     378
     334     274     235     263     180     193     194     167     187     189
     215     248     269     283     313     340     343     342     378     353
     346     344     334     286     312     278     260     196     180     189
     167     156     139     128     126     124      91     103      95     102
     106     110      92      90      97      73      93      95      79      97
      89     101      97     108     113     105     114     115     103     101
      89      97      90      97      78      88      79      84     101      98
      85      84      95      83      98      69      86      88      98      90
      99      96      82     119      99     104     112     101      84     115
      98     116     108     109     121     109     114     114      90     107
     101     112     117     115     115     107      99     109     110     128
     145      95     124     136     131     126     128     122     139     134
     112     121     146     131     142     122     147     140     119     149
     128     139     135     143     166     160     151     151     158     142
     161     174     151     174     188     185     180     196     187     225
     182     200     205     213     202     216     183     170     180     187
     187     169     161     180     156     185     158     159     162     156
     200     151     157     169     160     199     171     162     176     184
     150     170     169     190     205     180     196     164     171     187
     155     175     158     188     176     183     164     143     150     153
     172     174     157     180     163     159     176     180     153     164
     164     195     168     177     170     168     166     177     168     193
     189     185     180     187     171     190     179     188     144     199
     155     178     184     170     148     165     150     186     170     185
     174     158     167     160     173     174     166     151     172     166
     167     159     133     177     172     171     155     161     172     194
     148     192     164     161     144     171     174     150     179     170
     192     166     163     186     186     190     187     191     209     175
     189     188     178     184     186     188     176     182     194     177
     179     222     168     220     193     213     208     201     221     219
     195     255     258     240     252     218     249     254     262     256
     287     288     282     287     301     280     270     268     298     302
     285     307     302     296     246     267     248     223     241     222
     227     218     209     208     237     202     199     175     182     194
     178     191     168     165     175     193     184     184     186     181
     180     201     167     192     216     186     169     191     193     201
     158     173     183     225     197     202     213     198     199     231
     231     244     276     259     278     286     261     263     268     318
     301     284     291     286     247     250     251     205     229     229
     225     227     217     207     185     233     186     204     223     191
     187     209     209     214     180     212     214     202     223     234
     184     211     165     210     194     198     197     184     203     200
     202     207     178     202     199     202     215     207     187     185
     211     205     190     196     192     175     181     173     174     187
     190     183     182     183     197     198     192     189     168     185
     169     193     182     172     167     212     166     180     189     164
     201     196     187     193     185     188     195     222     183     200
     194     223     230     230     179     196     189     180     174     193
     199     199     178     180     189     182     184     171     184     171
     167     176     179     139     178     183     187     174     175     199
     168     196     193     193     164     187     160     152     183     217
     182     183     178     206     168     172     191     175     213     177
     215     162     196     170     160     171     190     159     159     187
     169     176     170     191     172     167     186     183     156     175
     161     175     189     178     173     164     187     184     156     188
     160     175     195     180     158     180     166     190     153     185
     180     176     186     161     159     187     186     187     166     204
     174     187     202     177     187     173     181     154     190     160
     175     159     192     160     188     201     178     169     168     164
     182     155     172     193     167     191     165     164     179     161
     144     159     155     167     188     191     191     192     183     180
     202     179     157     207     153     170     195     166     174     148
     188     178     197     170     167     186     201     196     199     163
     174     166     169     168     173     189     184     170     164     175
     176     176     171     173     168     169     192     159     174     169
     179     175     173     163     163     156     196     173     209     176
     180     197     175     164     177     176     150     168     135     168
     183     161     184     187     157     168     163     174     164     169
     150     167     180     164     172     172     161     154     160     160
     157     181     173     178     162     166     175     164     156     169
     173     164     178     172     167     144     189     155     161     177
     144     177     164     197     160     184     151     146     158     176
     144     163     156     164     141     166     179     170     183     188
     146     211     124     160     148     168     163     182     167     153
     146     153     132     171     158     179     167     148     146     151
     158     171     134     158     183     156     133     137     161     149
     147     182     141     164     147     182     197     180     155     150
     165     162     137     146     154     167     128     152     155     165
     152     144     156     148     135     175     168     164     161     159
     181     171     142     152     141     172     160     156     152     158
     155     137     154     178     147     146     158     148     153     147
     142     177     125     144     148     154     132     157     150     169
     162     156     125     166     161     143     163     150     139     140
     136     158     157     141     130     144     139     135     147     147
     130     154     148     148     156     150     156     141     116     149
     142     141     138     138     159     137     145     152     143     150
     112     147     151     181     138     137     131     148     135     157
     142     136     154     140     140     162     110     149     176     148
     128     149     146     166     140     136     126     139     131     142
     134     145     133     129     154     131     148     149     139     138
     128     138     147     145     155     140     127     164     134     153
     163     142     123     142     136     160     132     156     143     129
     143     146     144     131     135     108     127     153     150     144
     133     130     138     146     134     128     138     151     144     156
     128     117     138     137     135     139     145     116     140     128
     139     167     132     148     130     139     127     140     148     135
     129     123     160     163     128     145     133     136     139     116
     142     148     114     153     142     128     110     114     126     134
     131     136     113     115     127     113     124     121     140     131
     141     150     138     120     140     128     133     117     132     116
     116     124     151     167     111     112     146     134     137     117
      95     134     133     160     138     128     111     122     125     135
     126     114     135     125     144     127     120     131      99     123
     116     113     120     107     106     128     112     119     119     119
     112     134     140     139     117     121     142     120      99     116
     117     126     117     123     105     129     125     126     131     130
     101     127     121     126     122     132     121     107     123      98
     102     123     127     110      92     101     127     136     103     121
     119      97     138     112     109      99     121     119     121     111
     128     115      95     120     108     134     108     144     120     131
     119     120     125     116     108     121     112     124     108     146
     125     110     124     131     115     110     130     100     125     100
     116     117     122     112     120     114     124     124      98     122
      95     125      91     100      87     116     114     126     115     117
     109     113      96     138     105     113     106     113     125     107
     110     130     108     113     104     109      95     116     122     108
     101     121     105     109     102     111     109     111     100     117
     115     126      98     116     103     127     114     100     105     112
     136     100     115     113     100     132      99     113     109     103
     117     108     102     115      97     104      97     105      98     113
     112      91     117     114     116     121     100     102      94     110
     111     112      98      96      98      93      97     128      96     102
     105     116     111     114     123     100      91      99     109      97
      84     116     100     101     106      89     106      89     107      95
      92     112     103     101      97      91      97     110      96     109
     101     114     111     105     107     106     104      95     113     126
      96     103     101      85     103      90      97     108     119      92
     121     103     100      95      69     100      93      90     109     114
     102     108      97     102     109     115     108      95     106     116
     102      95      87      86     105      93     115      99     122     125
      90      92     119     115     114     107     108      94      91     107
     102     132      91     117     111     116     120     125     119     106
     127     116     106     114     124     128     132     104     109     109
     113     107     119     122     121     111     129     109     100     128
     100     106     121     131     132     119     121     139     110     111
     106     125     131     117     110     137     119     131     140     120
     127     141     152     139     134     131     138     150     140     140
     155     156     138     152     149     156     142     151     147     156
     152     159     149     188     169     162     172     198     195     202
     231     205     243     203     242     285     215     270     270     281
     284     312     290     316     336     320     349     345     369     352
     412     410     433     457     459     463     494     469     507     526
     502     551     553     548     571     567     620     662     648     584
     693     669     678     654     650     702     662     645     645     712
     680     624     665     702     661     673     611     640     611     661
     619     561     625     552     575     579     510     494     494     501
     449     462     460     462     410     411     412     415     367     362
     338     327     305     284     271     298     296     264     306     261
     213     243     209     210     215     197     215     172     168     160
     199     162     160     156     158     158     169     169     158     164
     155     178     152     185     180     162     188     193     195     229
     227     219     268     232     246     299     259     307     335     350
     343     383     356     368     364     384     445     426     422     435
     421     405     384     373     370     387     391     345     394     333
     314     328     297     267     259     242     232     243     217     179
     182     171     154     144     160     133     123   94113
