$Informacoes da Fluorescencia de Raios-X:
"Sample    : sio_34665_8p",                                                               
"Operator  : americo",                                                                    
"Comment  : sio52.6micromatter",                                                          
"Group     : kerr2007ag180cal_lt",                                                        
"Date       : 2018-04-03 08:25:52",                                                       
"",                                                                                       
"Mesurement Condition",                                                                   
"------------------------------------------------------------------------------------",   
"Instrument : 700HS2   Atmosphere : Vac.   Collimator : 10(mm)   Spin : No",              
"------------------------------------------------------------------------------------",   
"Analyte               TG kV   uA      FI Acq.(keV)  Anal.(keV)  Time(sec)     DT(%)",    
"------------------------------------------------------------------------------------",   
"Na                    Rh 50 1000-Auto Al  0 - 20    0.8 - 1.2   Live -  179   11",       
"Channel_info_start",                                                                     
"Channel : Na",                                                                           
"Points : 2048
"Range : 0.000000 - 20.480000",                                                           
"Step : 0.010000",                                                                        
"Channel_info_end",                                                                       
$DATA:
       0    2047
       0       0       0       0       0       0       0       0       0    2048
       0       0       0       0       0       0       0       0       0       0
       0       0       0       0       0       0       0       0       0       0
       0       0       0       0       0       0       0       0       1       3
      15      40      33      36      52      42      25      36      39      35
      43      40      38      37      33      40      31      40      44      43
      31      34      27      33      24      38      37      34      31      31
      29      35      33      37      27      17      34      40      37      48
      34      46      26      38      26      37      25      27      29      22
      34      40      24      38      32      36      37      21      32      28
      22      26      31      34      24      29      31      24      19      34
      39      30      30      29      34      32      28      25      28      33
      24      33      32      43      29      36      24      26      29      29
      41      27      25      32      34      33      28      33      24      30
      24      33      49      29      35      33      40      36      45      41
      48      48      43      49      51      62      46      59      65      55
      69      68      63      71      84      75      85      73      88      78
      83     132     148     258     343     566     857    1234    1701    2299
    2909    3584    3977    4614    4573    5038    4700    4477    3824    3530
    2878    2307    1598    1310     965     651     464     346     257     234
     157     160     136     126     104     159     134     184     148     179
     176     202     180     217     173     182     150     139     115      99
      73      64      57      51      51      33      33      25      36      35
      24      18      26      26      23      23      27      29      26      32
      30      23      21      27      28      29      27      26      28      25
      27      18      24      26      20      21      22      20      19      16
      22      18      19      21      21      22      24      28      28      24
      21      27      32      36      38      31      33      35      42      33
      42      42      40      39      31      37      26      38      36      45
      32      31      34      29      33      34      31      36      38      46
      41      29      34      33      35      32      28      24      29      27
      25      30      34      29      23      24      24      25      19      34
      24      33      24      40      30      26      29      34      33      29
      30      29      36      30      34      27      34      47      32      41
      46      52      33      45      43      40      38      29      33      45
      33      37      26      57      40      34      36      53      49      63
      46      58      57      70      83     111     130     201     201     304
     395     554     649     913    1080    1308    1562    1888    1941    2233
    2147    2343    2353    2383    2125    2103    1781    1519    1159    1027
     806     663     495     356     261     209     189     168     132     125
     113     121     129     142     151     205     202     204     249     283
     280     290     344     351     330     337     283     296     281     229
     211     214     178     135     118     113      83      81      60      64
      69      68      54      46      56      62      54      68      60      55
      50      68      72      58      82      63      86      99      95      90
     105     109      83      89      94      99     104     113     111     122
     119     124     110     106     118     131     135     107     107     109
     104     130     110     122     107     103     100      97     110      90
     107     100     105      78      99      69     108      77      91      87
      84      81      84     102      92      98      93      86     104      84
      75      85      88      86      88      95      81      95      70      82
      73      83      85      95      93      84      70     111      85      79
      93      79     105     101      99     100     101      90     111      95
      94     111      98      72      86     116     106      99      86      90
     100     102     116     108     132     134     138     147     165     163
     169     209     176     169     203     195     176     204     153     168
     166     152     146     145     138     135     128     108     130     117
     121     123     119     106     125     129     109     106     129     146
     106     124     135     135     123     129     129     126     107     136
     125     139     143     146     138     155     142     118     157     160
     130     149     166     179     156     171     157     180     155     175
     169     144     160     194     187     166     171     162     165     182
     153     206     162     175     173     163     173     156     179     176
     186     180     175     184     179     185     183     222     200     209
     244     236     258     267     266     284     293     363     355     407
     426     476     466     430     456     460     440     437     430     418
     325     381     329     330     287     269     257     266     208     212
     231     207     197     209     218     184     200     189     209     226
     202     201     204     196     211     194     206     213     209     205
     229     220     209     189     220     213     190     194     205     233
     205     207     204     218     192     215     205     213     241     211
     244     219     192     246     247     234     210     254     245     258
     248     233     251     243     221     263     219     230     192     248
     206     227     199     208     167     197     193     198     197     181
     196     210     207     210     169     187     201     186     198     207
     186     215     201     229     200     217     214     213     209     209
     220     231     213     228     194     217     231     228     203     199
     229     217     212     205     197     213     183     195     209     214
     193     236     202     219     244     226     219     227     232     229
     224     233     238     239     217     244     231     278     232     275
     253     299     251     283     274     259     277     286     279     289
     319     298     323     373     327     355     356     359     354     401
     315     348     321     308     318     293     311     287     269     277
     272     233     251     212     223     244     213     208     221     231
     234     213     192     231     194     222     213     188     205     215
     242     212     239     206     205     218     213     237     206     226
     226     220     229     237     213     225     219     252     253     302
     287     294     283     320     362     355     349     362     362     379
     333     349     359     341     305     351     314     282     278     267
     259     273     228     228     250     241     214     236     238     239
     227     230     207     215     218     225     222     219     204     253
     204     225     200     213     211     219     191     187     210     204
     206     224     204     241     200     205     202     207     229     209
     164     171     204     213     216     209     196     209     202     210
     196     218     222     204     179     199     181     200     222     210
     207     212     237     213     200     215     201     199     219     239
     167     204     228     241     193     218     232     229     214     229
     220     222     213     241     218     242     211     229     225     199
     211     225     215     228     205     209     249     224     209     223
     207     225     189     212     189     213     190     208     207     211
     194     206     217     232     193     208     216     196     190     203
     200     195     196     213     193     190     217     190     202     206
     182     194     181     213     197     217     218     205     194     200
     215     230     192     212     199     207     201     205     191     220
     231     209     173     211     188     208     222     213     205     235
     216     220     183     221     177     195     198     224     212     195
     200     222     194     200     191     214     213     190     189     213
     222     221     193     206     203     205     197     175     195     202
     188     199     193     208     186     222     208     191     176     197
     208     171     169     216     165     195     163     214     189     219
     180     212     195     204     202     206     228     194     179     175
     178     203     207     210     187     213     188     213     202     185
     206     220     193     167     192     204     202     178     177     165
     224     190     174     174     193     184     178     209     207     196
     176     199     177     184     192     222     196     183     188     196
     193     186     189     202     181     208     176     198     180     202
     184     267     196     179     176     185     175     220     167     210
     187     170     203     202     183     178     180     174     198     203
     188     204     180     181     205     185     198     206     175     189
     211     180     174     186     194     195     194     175     181     177
     195     196     185     200     165     204     166     188     173     182
     174     187     175     182     173     184     179     176     211     187
     181     178     187     183     155     181     201     229     169     166
     163     179     166     174     177     156     166     168     190     189
     167     186     173     165     172     166     164     197     166     196
     179     170     208     178     162     166     165     140     147     185
     162     159     174     181     185     194     196     199     169     196
     183     193     177     169     177     173     169     188     170     175
     174     174     181     164     154     180     161     165     160     187
     196     149     172     191     189     159     168     195     165     187
     166     173     169     168     142     196     154     159     185     184
     194     207     166     169     165     182     182     168     173     184
     143     177     164     180     138     174     158     166     171     177
     187     164     173     160     157     168     149     164     175     184
     140     164     188     159     157     179     159     157     138     161
     164     167     164     145     144     140     149     177     160     182
     165     167     125     150     166     166     163     173     144     176
     161     166     157     179     155     177     166     131     182     166
     169     198     158     148     136     140     170     176     154     158
     149     169     160     174     132     156     148     159     154     154
     156     171     132     145     159     158     166     166     157     149
     159     178     160     160     160     146     180     143     162     166
     174     144     149     148     155     164     154     144     135     171
     160     159     163     141     184     168     132     144     170     172
     165     143     162     148     144     146     140     161     153     176
     166     160     157     141     134     149     143     164     162     174
     144     178     145     143     148     137     145     153     136     147
     134     146     133     158     140     158     159     155     171     171
     146     153     169     150     136     151     153     149     152     135
     150     135     165     152     139     139     149     138     166     153
     141     146     159     129     149     145     144     156     145     136
     132     147     138     152     144     137     137     143     122     133
     136     138     158     136     140     149     132     172     153     137
     171     126     151     117     148     136     121     132     132     142
     138     148     152     134     147     133     169     131     120     127
     179     147     132     141     146     136     125     135     127     149
     134     139     149     140     135     157     133     127     124     135
     126     143     113     123     150     141     142     140     139     151
     133     137     137     141     118     141     139     146     116     118
     136     121     121     125     155     154     129     145     157     137
     150     140     131     132     136     127     122     139     117     148
     123     118     125     100     148     132     118     118     140     156
     127     130     136     145     152     132     124     129     126     128
     125     125     125     136     129     120     136     103     141     127
     107     137     141     156     106     151     119     146     114     105
     142     125     106     130     118     126     119     128     125     135
     116     138     121     125     126     130     127     131     112     135
     104     122     112     131     136     150     146     139     141     142
     138     129     114     138     142     118     146     137     109     129
     111     120     109     128     138     120     109     132     128     132
     119     124     118     113     107     111     137     132     115     134
     126     122     118     143     121     144     125     121     102     118
     105     140     123     114     129     117     124     128     138     120
     131     110     113     145     122     124     112     145     135     110
     103     119     114     117     135     112     114     131     131     118
     122     107     120     118     119     121     114     122     126     111
     118     117     110     137     118     125     125     118     119     125
     114     141     127     124     131     113     113     115     116     128
     115     123     111     137     117     124     147     148     123     130
     122     135     144     107     139     123     128     126     117     127
     108     101     151     145     120     135     125     147     133     123
     118     149     109     131     133     124     112     135     129     132
     114     123     112     125     141     129     133     127     140     143
     136     124     150     133     134     137     131     151     143     127
     123     134     129     149     135     149     148     156     132     137
     140     150     130     145     169     119     181     150     164     163
     148     164     154     165     147     174     177     194     166     194
     165     203     145     173     179     185     197     201     191     196
     199     198     220     220     216     244     225     270     255     249
     260     285     256     295     317     288     296     324     367     359
     367     372     396     395     403     426     436     463     497     510
     529     535     533     518     590     629     616     610     649     679
     644     761     784     763     720     794     837     839     814     792
     928     892     855     907     906     981     845     862     955     890
     879     881     866     901     869     891     906     868     762     837
     839     808     743     777     765     797     708     733     645     727
     612     573     618     607     536     558     493     521     447     479
     458     471     422     424     391     387     341     340     348     324
     272     280     277     266     260     258     249     237     209     232
     225     213     213     187     222     202     173     180     199     191
     169     178     200     183     186     218     204     207     205     203
     234     235     234     264     247     281     261     253     298     292
     271     294     335     310     358     330     365     386     344     389
     354     358     367     306     354     357     331     320     283     279
     264     288     272     254     222     191     216     208     195     197
     195     164     146     141     139     134     126   61768
