$Informacoes da Fluorescencia de Raios-X:
"Sample    : ki_34668_8p",                                                                
"Operator  : americo",                                                                    
"Comment  : ki53.1micromatter",                                                           
"Group     : kerr2007ag180cal_lt",                                                        
"Date       : 2018-04-03 08:38:19",                                                       
"",                                                                                       
"Mesurement Condition",                                                                   
"------------------------------------------------------------------------------------",   
"Instrument : 700HS2   Atmosphere : Vac.   Collimator : 10(mm)   Spin : No",              
"------------------------------------------------------------------------------------",   
"Analyte               TG kV   uA      FI Acq.(keV)  Anal.(keV)  Time(sec)     DT(%)",    
"------------------------------------------------------------------------------------",   
"Na                    Rh 50  596-Auto Al  0 - 20    0.8 - 1.2   Live -  180   16",       
"Channel_info_start",                                                                     
"Channel : Na",                                                                           
"Points : 2048
"Range : 0.000000 - 20.480000",                                                           
"Step : 0.010000",                                                                        
"Channel_info_end",                                                                       
$DATA:
       0    2047
       0       0       0       0       0       0       0       0       0    2048
       0       0       0       0       0       0       0       0       0       0
       0       0       0       0       0       0       0       0       0       0
       0       0       0       0       0       0       0       0       0       3
      24      47      44      41      32      40      29      40      25      46
      43      42      39      36      42      42      40      45      32      40
      40      40      52      33      32      42      40      35      27      32
      36      33      42      44      36      41      27      36      45      42
      39      36      35      35      27      27      33      45      31      37
      35      40      31      39      35      47      34      34      48      39
      36      46      23      38      34      34      30      41      44      42
      44      45      25      41      36      29      37      31      42      40
      42      46      36      43      42      36      41      36      35      31
      31      38      34      50      40      37      30      42      39      38
      40      36      43      35      34      41      38      43      42      38
      38      45      46      48      53      51      21      66      61      63
      82      75      81      99      82     106     114     123     148     126
     106     128     108      81      79      73      49      39      64      53
      54      69      49      70      56      72      56      61      63      65
      63      55      71      71      54      69      56      71      63      65
      70      70      81      81      97     106     120     122     117     155
     160     160     174     162     163     166     128     110     104     100
     105      94      81     113     113     124     137     158     143     169
     147     165     169     142     137     123     104     116     108      89
      75      74      69      63      76      69      71      62      57      71
      68      68      63      81      95      87      82     109     101     107
     121     112     109     127      91     117      87      91      95      92
      69      86      72      77      81      77      68      79      75      82
      89      86      88      93      92      87      86      89     111      81
      94      87      89     114      81      97      74     112      87      94
      81     101     110     120      98      99     100     101      99     100
      88     118     116     132     106     124     124     125     113     129
     104     121     132     154     122     151     163     193     216     327
     390     539     712    1074    1463    1960    2475    3255    3981    4658
    5090    5789    6223    6730    6084    6451    5578    5345    4321    3790
    3144    2696    1901    1507    1248    1040     770     783     725     718
     739     794     771     885     809     906     905    1086    1077    1133
    1190    1219    1239    1303    1450    1434    1481    1640    1649    1734
    1683    1662    1643    1673    1467    1389    1292    1107    1057     964
     946     978    1083    1303    1496    1959    2479    3390    4050    5459
    6227    7962    8785   10263   10377   11325   11553   11675   10731   10908
    8876    8217    6647    5928    4532    3818    2602    2223    1626    1261
     994     930     997    1196    1303    1761    2164    2811    3219    4262
    4720    5665    5996    6937    7227    7717    7380    7403    7000    6975
    6258    5930    5163    4726    3900    3566    3036    2758    2156    1899
    1583    1456    1214    1140    1028    1111    1077    1224    1368    1518
    1558    1674    1741    1878    1664    1827    1614    1601    1384    1241
    1152     940     759     663     528     498     360     324     273     284
     260     280     297     346     382     447     564     625     645     821
     849     906     910     931     924     874     810     724     698     675
     577     454     373     360     265     243     250     237     257     294
     300     332     384     453     501     518     524     565     543     616
     554     594     472     460     392     398     311     304     283     258
     205     194     161     157     144     119     111     103      97      86
      98      84      71      57      69      77      65      84      57      88
      57      74      80      87      81      69      66      79      74      79
      84      81      74      82      60      66      60      81      72      88
      71      70      76      95      79      85      90      87      79      65
      91      76      74      88      85      94      91      82      93      79
      81      84      74      87      89      99      94      90      88      83
      88      87     106     104      96     105      96     109      86     106
     100      90     102     100     105     103      86      96     105      88
      88     106     103      89     120     118     114      97     111     102
     103     115     122     118     122     113     119     138     125     134
     128     124     123     129     132     133     135     144     158     164
     138     143     128     167     148     160     172     165     154     160
     156     152     161     147     148     180     167     173     156     151
     170     158     159     148     148     186     134     160     162     167
     170     183     199     169     165     172     167     165     145     190
     199     189     157     179     167     182     173     201     178     179
     142     196     165     167     160     164     155     169     164     166
     177     154     167     157     158     160     184     166     170     135
     150     165     155     152     138     142     139     157     145     157
     141     145     145     145     138     133     135     143     129     147
     151     145     151     143     133     141     160     122     156     150
     136     135     145     141     131     120     144     155     136     136
     134     151     139     136     134     137     162     135     143     143
     176     166     144     150     160     142     156     164     175     154
     135     154     165     156     161     169     158     169     165     164
     195     179     164     157     183     190     180     201     206     208
     163     207     204     172     201     218     191     210     186     223
     215     251     232     256     249     242     239     244     222     253
     244     211     230     212     210     238     180     217     187     234
     193     201     169     161     167     187     148     159     158     147
     136     166     182     178     122     151     150     158     154     146
     138     169     141     169     151     139     152     150     132     171
     164     162     157     187     151     185     158     199     198     166
     195     176     218     223     246     251     220     238     236     235
     213     241     213     284     177     206     212     196     191     202
     198     207     197     196     177     180     176     179     188     195
     198     171     186     194     167     170     210     199     162     174
     184     200     149     178     157     178     173     185     134     182
     164     162     139     154     158     172     170     167     150     167
     156     160     152     157     149     150     156     164     150     154
     150     148     158     175     152     161     168     152     144     148
     167     160     154     171     156     175     140     148     178     168
     150     168     146     157     162     155     150     154     140     150
     175     189     154     153     137     160     158     153     154     154
     166     158     160     155     145     150     162     163     169     145
     162     167     139     157     176     138     149     146     156     139
     136     148     166     155     142     137     148     163     156     168
     147     145     132     172     121     161     121     137     139     145
     168     156     147     154     153     136     137     155     148     141
     139     142     149     139     153     131     144     158     136     129
     144     122     127     149     129     142     117     149     131     153
     142     165     153     142     136     139     138     122     117     146
     112     155     152     149     124     141     134     128     154     140
     125     153     137     142     133     139     127     139     141     137
     175     152     126     147     136     139     128     129     142     125
     128     146     127     119     141     135     133     146     146     135
     125     151     138     143     132     147     152     131     152     177
     135     160     166     144     128     140     135     146     139     151
     153     147     157     138     148     158     156     138     144     133
     136     122     142     134     144     149     123     142     151     145
     140     133     145     131     140     137     126     123     141     149
     125     149     129     139     145     122     146     152     137     146
     147     127     152     141     152     122     136     146     142     153
     141     132     133     131     154     149     113     149     122     135
     119     118     122     146     140     154     126     132     140     134
     126     118     137     162     144     149     120     131     115     118
     127     144     119     139     131     120     129     110     111     151
     139     152     131     119     133     144     120     134     112     135
     135     132     140     123     105     118     131     140     107     108
     128     108     106     134     128     145     116     121     138     134
     140     127     106     125     132     123     126     115     132     136
     125     118     121     118     121     123     117     124     132     131
     103     133     124     120     117     122     138     124     108     102
     101     138     127     131     128     141     117      97      99     144
     111     122     125     110     123      95     129     127     125     122
     133     118     101     124     126     126     129     131     112     140
     104     136     111     137     102     109     127     123     115     118
     115     133     126     134     109     147     111     104     114     121
     116     114     106     127     124     127     119     125     117     121
     113      96      95     133     117     127     104      88     111     141
     127     112     114     120     128     140     103     103     106     119
     121     116     113     110     102     137     112     109     120     105
     115     117     121     141     111     102     143     125     106     107
     118     122     102      81     107     110     119     100     119     111
     113     121     106     111     119     105     102     115     105     124
     108     123     106     117      98     105     109     114     109      92
      93     105     106     111      95     116     117     111     107      96
     122     115      94     113     118     110     105     107     126     101
     114     101      98     109      97     114      98     111     109     112
      96     117      89      98     121      77     102     101      92     119
     101     102     108      90      93     113     117     119     122     109
     104     117     101     121      99      95      98     108     106     117
     124      93     102      91     114     115     103     102     104      98
      90     107      98      82     106     103      98      86     109     107
      81      92     112     114     101     113      90      97      95      99
      98      90     102     109      95      79     101     102      95     101
      91      96      83      92      91      96     106      95      90      83
      84     106      79      89      97     107     110      93      88      97
      95      82     113     116     104     108      87      94      87     101
      95     123     110      89     108     106      84      92     112      93
     102     110      90      84      73      98     122     106     100      94
      97      92      80      86      69      91      99      92      98      94
      86     106      92     106      85      90      94      77      82      83
      92      81      79      85      97     115      89      88     104      99
      83     101      99      90      86     110      86      94      91     100
      85      77      88      91     104      97      80      88      99      91
      98      82      91      89      72      74      98      97      91     101
      97      96      91      75      83     109      79      91      99      87
      93      89      84      88      94      91      88     100      99      83
      96      82      92      90      64      94      91      86     102     101
      98      88      81      86      91      83      85      74      88      76
      95      76      84      95      85      90      77      88      71      89
      90     104      82      83      86      70     119     116      76      98
      88      96      74      96      86     112      84      90     101      75
      76      83      84      92      98      66      88      84      94     100
      83      96      89      80      81      79      79      87      74      85
      91      83      68      72      82      87      93      91      80      94
      74      85      81      86      89      79      77      83      86      84
      72      92      80      87      79      83      97      74      77      76
     102      83      79      82      87      88     104      82      75      92
      85      92      76     104     106     101      77      85      74      87
      81      68      74      83      79      71      79      67      87      74
     106      69      80      93      79      92      94      76      81      94
      90      84      83      94      93      91      75      82      95      83
      89      89      88      91      87      86      74      81      55      82
     101      95      76      67      83      72      81      86      81      76
      89      73      83      92      71      72      81      71      89      76
      80      76      62      85      81      80     100      83     102      98
      89      85      98      92      84      82      81      90      64      70
      80      86      85      77      90      83      84     101      85      82
      83      79      90      83      91      77      91      93      90      87
     100      98      94      84      91     111      99      89     107     110
     109      94     113     113      96      81     105      97     107     120
     126     117     118     116     117     111     108     122     138     133
     123     133     148     129     122     131     155     154     152     171
     158     175     153     171     172     193     205     163     202     250
     223     205     203     235     248     222     262     280     278     294
     290     330     290     346     366     364     323     374     408     401
     378     406     417     450     403     433     467     489     454     473
     533     527     488     485     527     565     500     523     574     506
     519     519     555     542     522     485     495     500     434     474
     465     490     393     424     450     455     394     422     383     368
     333     335     375     372     338     295     303     283     297     286
     290     246     221     228     204     208     190     204     202     184
     185     161     198     169     157     143     168     143     132     116
     129     134     129     133     136     123     117     136     136     120
     118     143     129     151     153     158     138     147     148     172
     187     182     190     191     208     213     225     269     264     261
     300     297     283     301     289     309     343     357     327     326
     304     383     315     322     293     331     299     301     277     271
     274     245     236     220     190     227     169     184     163     136
     145     123     111     115     108      97     102   75363
