$Informacoes da Fluorescencia de Raios-X:
"Sample    : al_34664_8p",                                                                
"Operator  : americo",                                                                    
"Comment  : al50.0micromatter",                                                           
"Group     : kerr2007ag180cal_lt",                                                        
"Date       : 2018-04-03 08:21:47",                                                       
"",                                                                                       
"Mesurement Condition",                                                                   
"------------------------------------------------------------------------------------",   
"Instrument : 700HS2   Atmosphere : Vac.   Collimator : 10(mm)   Spin : No",              
"------------------------------------------------------------------------------------",   
"Analyte               TG kV   uA      FI Acq.(keV)  Anal.(keV)  Time(sec)     DT(%)",    
"------------------------------------------------------------------------------------",   
"Na                    Rh 50 1000-Auto Al  0 - 20    0.8 - 1.2   Live -  179   10",       
"Channel_info_start",                                                                     
"Channel : Na",                                                                           
"Points : 2048
"Range : 0.000000 - 20.480000",                                                           
"Step : 0.010000",                                                                        
"Channel_info_end",                                                                       
$DATA:
       0    2047
       0       0       0       0       0       0       0       0       0    2048
       0       0       0       0       0       0       0       0       0       0
       0       0       0       0       0       0       0       0       0       0
       0       0       0       0       0       0       0       0       0       1
      17      31      36      44      39      33      35      40      28      32
      45      41      31      35      49      22      40      43      41      41
      38      45      35      39      43      40      23      34      28      28
      37      30      23      38      30      28      34      24      25      38
      26      31      28      26      33      22      31      32      25      26
      31      24      28      21      27      28      20      24      27      29
      20      32      30      36      28      26      36      30      36      25
      28      33      31      29      23      23      41      29      25      34
      34      36      31      23      36      33      47      36      38      43
      36      47      22      47      64      56      58      68      56      50
      81      84      59      97      70      91     105     145     211     335
     498     827    1020    1603    1797    2509    2765    3321    3506    3793
    3484    3586    3139    2834    2191    1858    1392    1038     738     534
     316     256     177     114      78      58      58      54      41      39
      41      38      40      34      19      39      32      53      45      41
      33      42      41      31      32      50      33      39      52      58
      45      63      63      92      95     115     101     148     158     169
     170     223     189     178     191     163     122     129     101      84
      69      62      42      44      34      40      41      30      24      28
      25      29      34      24      25      30      25      24      23      21
      23      25      23      25      19      22      26      19      20      20
      19      22      21      17      12      24      21      28      16      21
      20      14      24      11      19      25      20      25      30      25
      17      25      37      48      31      34      39      32      34      35
      37      35      34      35      30      27      30      26      26      32
      18      38      28      35      30      45      34      40      26      26
      22      35      25      28      27      23      38      23      32      29
      20      33      35      28      28      24      28      30      19      26
      27      26      27      21      27      26      26      23      35      39
      25      34      25      35      43      24      37      29      43      27
      42      42      33      40      43      35      44      34      40      32
      38      34      42      34      48      42      35      40      40      55
      51      62      49      83      77      89     138     172     195     272
     381     503     647     830    1103    1287    1389    1734    1928    2135
    2211    2221    2337    2206    1924    1855    1652    1467    1148    1065
     743     595     434     362     257     213     136     135     122     115
     111     141     137     153     153     161     193     187     222     266
     278     331     293     341     337     327     291     323     253     240
     239     170     159     162     132     112      78      72      57      73
      61      42      53      54      56      58      49      58      65      67
      70      75      74      70      67      75      79      91      87     103
     129      98      86      93     107     111      96     104     111     122
     119     100     104     138     126     125     112     117     122     117
     105     114     123     113     102     117      98      96      96     102
      84      94      96      80      84      84      77      92      82      97
      92      84      81      94      81      81      80      79      88      90
      73      85      75      72      74      74      66      85      66      91
      74      77      71      88      75      72      66      87      79      89
      73      94      85      78      89      93      91     111      79      76
      91     119     113      93     104     106     111     121     104     101
     119     118      89     120     111     108     111     130     123     142
     143     151     128     132     128     138     133     113      99     139
     111     117     116     124     123     129     122     127     113     111
      98     120     113     101     101     119     130     126      99     112
     112     111     129     114     122     123     114     111     106     126
     111     135     108     118     104     117     124     124     132     117
     130     137     131     139     143     127     133     135     124     136
     140     148     132     170     154     153     154     153     162     176
     187     167     180     184     160     184     178     162     169     175
     195     188     184     212     201     209     207     203     210     183
     188     205     188     203     207     213     204     250     207     244
     218     217     214     255     232     209     233     255     218     250
     215     203     220     204     195     226     198     201     195     184
     173     202     194     195     186     206     185     194     180     199
     201     213     173     199     181     199     195     226     222     179
     201     199     226     188     201     201     183     195     187     225
     186     185     190     190     184     200     212     207     166     201
     205     195     175     202     186     193     211     204     204     202
     212     183     204     190     194     201     177     193     175     191
     173     191     173     173     184     179     186     175     175     173
     196     163     168     194     174     185     189     191     174     190
     171     165     173     188     172     200     193     194     212     186
     207     196     182     188     185     176     195     190     198     209
     198     185     176     231     200     187     211     163     213     211
     181     200     187     191     191     213     206     198     212     213
     229     236     211     220     213     245     230     249     240     266
     224     229     229     243     262     286     267     277     291     313
     292     259     314     320     310     340     320     382     334     370
     305     318     318     366     334     361     290     299     307     276
     270     288     209     257     265     250     241     221     235     249
     224     241     216     254     202     221     225     226     236     214
     246     246     188     220     205     230     226     223     218     243
     207     231     227     274     238     264     247     299     278     271
     279     320     325     290     324     320     315     329     345     322
     286     325     305     338     291     284     274     285     243     278
     275     233     224     250     237     225     222     226     226     216
     200     200     199     241     206     215     207     234     195     227
     214     201     178     224     235     216     217     188     197     194
     211     223     178     184     199     221     202     207     189     214
     196     187     193     212     200     198     194     188     205     162
     183     199     217     200     192     215     176     207     189     208
     192     209     177     212     185     212     201     178     205     198
     203     184     226     195     198     209     205     184     218     217
     227     215     205     218     210     214     190     230     233     200
     222     217     197     181     201     200     212     193     201     195
     191     226     181     191     187     187     187     212     191     206
     204     191     221     212     186     193     209     192     192     205
     192     204     200     174     228     196     166     200     180     172
     188     221     184     184     204     202     196     198     166     202
     181     205     182     190     181     201     178     177     199     213
     170     176     184     181     181     201     193     205     162     172
     185     205     173     179     193     183     180     172     177     205
     193     210     176     201     169     176     181     186     189     172
     186     176     178     180     161     181     193     206     182     185
     167     192     186     191     189     175     186     190     161     193
     173     196     175     200     185     205     188     208     190     173
     173     200     191     189     185     205     191     200     179     190
     168     205     202     187     181     210     173     192     173     184
     183     185     215     191     186     181     162     211     209     186
     201     211     177     169     178     210     191     208     201     183
     193     185     196     192     217     185     189     185     186     204
     205     188     180     201     201     184     195     193     205     201
     149     210     189     176     192     202     158     183     189     173
     194     193     174     189     194     187     176     187     168     175
     186     194     135     173     169     176     183     177     173     176
     177     181     155     158     168     206     137     182     173     181
     182     178     203     163     165     187     169     179     153     193
     170     172     165     165     196     165     186     161     178     194
     170     174     185     173     160     186     172     168     171     196
     183     177     157     180     153     173     170     163     163     164
     148     154     189     204     162     183     174     188     171     185
     197     173     142     157     156     187     165     176     180     173
     161     177     165     184     147     161     175     161     176     187
     191     142     177     188     162     181     165     170     173     174
     153     197     173     170     166     163     152     173     169     174
     178     157     164     163     146     170     154     183     156     176
     154     155     145     150     157     144     160     159     148     157
     147     164     165     166     180     154     148     179     158     154
     159     167     177     156     167     153     165     165     159     170
     191     171     182     154     169     188     159     167     156     158
     150     132     136     168     151     135     160     169     151     167
     159     160     163     160     146     183     146     159     157     171
     151     174     168     156     143     163     142     158     166     149
     171     172     153     177     161     158     131     142     160     163
     122     151     166     184     147     182     190     163     171     159
     120     165     129     136     131     187     145     156     166     155
     151     142     155     159     157     137     145     165     112     138
     145     150     139     155     132     145     166     159     169     164
     158     137     175     172     160     133     157     155     156     159
     175     155     165     147     131     148     150     169     112     138
     154     126     159     116     147     122     137     148     153     154
     162     142     142     127     142     145     118     138     130     158
     112     133     152     171     130     153     147     139     140     156
     119     138     130     115     131     133     135     122     137     145
     158     141     135     133     140     139     149     125     133     140
     152     156     130     118     144     164     139     128     145     131
     156     144     137     151     126     145     122     133     144     129
     155     151     142     137     148     150     155     156     136     121
     156     140     128     146     142     121     147     116     132     125
     141     140     130     135     109     144     131     142     135     151
     111     133     118     150     134     120     165     141     119     156
     143     130     135     131     117     149     131     142     122     143
     126     124     124     143     106     122     133     141     113     131
     136     148     120     124     128     135     108     125     134     124
     135     143     138     143     114     106     136     133     124     143
     134     109     119     135     125     127      99     152     112     151
     116     118     123     137     128     133     122     130     120     122
     108     130     133     124     111     108     122     117     122     117
     127     134     124     122     138     115     136     127     124     131
     128     121     119     134     110     120     123     115     132     113
     103     112     121     111      93     135     117     123     106     159
     109     149     116     123     116     106     133     123     111     121
     155     129     104     122     114     119     137     131     119     101
     114     133     122     113     106     106     105     112     116     121
     133     114     115     126     112     136     108     125     104     133
     104     103      97     114     119     115     126     104     109     111
     121     103     128     135     116     113      96     120      95     124
     120     117     144     113     116     118     111     123     132     123
     115     122     116     110     128     108     107     119     131      98
     135     117     119     126     112     132     107     107     117     105
     104     117     112     116     127     127     108     118     129     117
     120     117     105     103     131     106      99     133     119     122
     106     128     112     110     116     111     116     125     125     102
     110     113     119     114     117     131     107     122     118     101
      96     131     126     134     125     117      94     108     111     124
     130     113     117     131     126     106     138     144     111     115
     120     111     146     119     114     133     128     120     137     100
     122     118     116      96     108     126     131     128     109     125
     132     119     118     108     115     119     130     148     106     151
     126     142     127     138     148     148     129     134     134     135
     143     132     134     136     144     131     115     140     152     125
     138     155     131     133     138     148     146     136     148     158
     149     139     133     170     157     174     152     147     156     169
     168     199     184     189     184     187     181     203     189     220
     196     202     206     222     203     212     240     245     221     208
     236     264     257     266     292     291     289     310     361     321
     366     327     365     393     415     424     444     470     482     440
     519     497     493     599     561     565     593     565     618     635
     620     647     719     761     709     734     788     750     797     795
     904     836     850     899     868     850     847     841     832     874
     833     858     829     850     808     894     836     849     794     693
     788     795     728     689     716     640     704     632     654     634
     619     550     643     558     497     517     518     470     462     456
     426     414     401     369     352     317     354     375     291     302
     293     277     259     280     242     258     223     222     225     212
     208     195     188     207     212     192     173     159     183     173
     163     182     188     175     189     204     179     204     207     210
     216     223     240     211     249     270     240     234     276     266
     279     310     313     315     305     299     348     348     337     316
     329     341     328     309     344     319     334     285     276     293
     245     242     258     212     212     233     189     179     183     158
     149     164     134     143     141     127     123   58816
