$Informacoes da Fluorescencia de Raios-X:
"Sample    : ti_34671_8p",                                                                
"Operator  : americo",                                                                    
"Comment  : ti_49.4micromatter",                                                          
"Group     : kerr2007ag180cal_lt",                                                        
"Date       : 2018-04-03 08:59:05",                                                       
"",                                                                                       
"Mesurement Condition",                                                                   
"------------------------------------------------------------------------------------",   
"Instrument : 700HS2   Atmosphere : Vac.   Collimator : 10(mm)   Spin : No",              
"------------------------------------------------------------------------------------",   
"Analyte               TG kV   uA      FI Acq.(keV)  Anal.(keV)  Time(sec)     DT(%)",    
"------------------------------------------------------------------------------------",   
"Na                    Rh 50  393-Auto Al  0 - 20    0.8 - 1.2   Live -  179   15",       
"Channel_info_start",                                                                     
"Channel : Na",                                                                           
"Points : 2048
"Range : 0.000000 - 20.480000",                                                           
"Step : 0.010000",                                                                        
"Channel_info_end",                                                                       
$DATA:
       0    2047
       0       0       0       0       0       0       0       0       0    2048
       0       0       0       0       0       0       0       0       0       0
       0       0       0       0       0       0       0       0       0       0
       0       0       0       0       0       0       0       0       0       1
       6      17      21      18      21      14      18      15      17      12
      11      13       8      16      16      20      16      17      15      12
      14      17      18      18      12      20      15      17      11      17
      14      15      11      15      16      17      20      10      18      13
      13      16      12      17      15      15      14      22      16      23
      17      13      15       8      18      15      15      16      17      18
      16      14      16      18      15      17      20      12       9      12
      15      12      17      20      12      22      16      20      16      14
      23      14      19      16      17      18      24      16      13      21
      32      12      18      16      17      20      21      18      22      21
      23      16      11      12      21       9      17      24      15      14
      15      27      23      16      19      25      23      28      15      29
      25      25      19      19      22      15      19      27      15      16
      22      23      19      19      30      18      12      13      26      32
      20      22      26      30      18      28      23      28      15      20
      19      17      23      13      22      23      25      29      30      27
      25      29      37      23      33      44      40      54      53      72
      65      56      74      64      61      64      60      53      60      49
      28      21      25      24      21      23      16      26      25      28
      23      22      22      23      23      21      26      24      16      19
      20      19      25      18      26      20      23      27      20      22
      22      27      26      27      18      22      32      23      14      31
      19      18      29      36      19      28      24      24      33      39
      37      40      38      50      60      62      46      59      67     113
     145     151     186     205     225     261     278     304     286     294
     276     249     200     181     157     119     103      63      54      66
      48      39      32      50      30      40      32      25      31      33
      26      30      27      41      31      36      32      35      36      40
      39      35      43      33      51      44      55      50      41      62
      58      48      58      58      50      57      51      49      49      46
      50      36      46      45      38      46      43      32      47      43
      43      38      33      41      48      44      36      54      43      46
      46      43      57      73      61      74      76      97     114     139
     137     196     233     276     328     387     391     499     536     625
     593     635     630     669     578     562     507     451     316     275
     254     238     165     166     156     147     141     168     130     142
     153     123     142     145     162     152     165     165     149     168
     157     188     183     165     166     182     168     166     177     153
     167     138     154     137     138     139     135     166     157     134
     145     139     174     174     164     157     186     199     202     225
     206     246     272     306     344     466     570     862    1117    1684
    2461    3518    4710    6411    8826   11959   14221   18393   22314   25951
   27662   31550   32821   34630   33042   33836   31093   29159   24817   21824
   18380   15336   11394    9321    6576    4990    3283    2358    1648    1167
     700     503     380     280     225     218     213     214     220     266
     338     355     497     599     760    1062    1302    1573    1935    2472
    2698    3163    3533    3835    3878    4262    4118    4363    3883    3805
    3283    3056    2546    2246    1860    1532    1137     869     657     499
     325     280     156     141      88      78      50      54      44      48
      47      39      29      43      44      37      42      54      42      43
      54      41      54      53      42      58      61      70      65      71
      94     103      90      99      80     110      97     113      81      89
      80      75      73      79      52      67      45      47      54      47
      52      53      55      50      55      46      43      45      53      58
      52      61      62      58      51      57      64      65      47      65
      66      49      61      68      74      80      80      82      85     108
      90      94      92     114     101      86      79      94      96      75
      86     104      82      76      74      69      67      75      61      80
      70      72      68      75      66      78      63      82      73      67
      66      85      60      78      83      82      80      84      70      81
      85     100      85      79      90     111     116     101     125     126
     150     118     122     137     126     148     144     138     116     139
     101     120     116     131     114     130     104     113      93     124
     104      83     111     106     103     104     104      96      91      99
      86     122     104      85      97      98      93      84      98      81
     101      92     100     106      84      87      99     106      91      87
      80      98      97      88      77      92      74      80      86      72
      79      65      80      76      74      74      68      78      85     108
      85      72      90      82      98      71      76      73      94      87
      92      85      69      85      83      93      92      75      91      67
      66      70      84      73      82      87      83      92      75      87
      79      87      70      88      66      90      85      85      79      73
      89      90      97      77      71      73      83      79      91      80
      67      79      85      77      67      72      77      81      78      72
      79      80      96      89      90      79      79      80      87      87
      94      82      78      97      93      97      84      94      91      90
      84      99     119      90     105     112     124     104     115     122
     131     132     124     137     130     121     150     162     139     143
     141     141     126     124     127     123     121     101      99     100
      86     110      79      75      91      78      97      93      79      85
      87      88      84      79      89      92      88      94      80      86
      96      88      73      73      80      78      85      92      82      96
     114      85      85     101      98      88      96     111     124     115
     101     136     109     103     131     131     118     120     110     137
     135     112     112     147     120     124     114      84     104     116
     103     109      95     114     100     106      73      79      97      98
     104     116     104     112     115     117     127     106     117     119
     108     142     118     120     113     139     120     128     116     148
     127     134     136     136     115     110     121     119      91     111
      90      94      90      80      89      91      77     104      93      90
      86      85      75      99      96     101      91      84      89     109
      90      95      88      92      90     101      84      98      93     117
     107     100     112     108     104      89      93     120      86      96
     110      84      65     106     106     106     108     104     111      93
      81      79      89      96      80      91      89      86      86      79
      76      88      88      97      84      80      85      76      90      97
      69     100      98      96      91      87      81      83      81      83
      83     106      72      78      88      83      76      91      96      95
      78      86      88      77      81      77      73      73      73      76
      87      84      85      91      84      89      76      95      80      82
      66      87      78      78      76      80      82      86      92      75
      66      98      76      96      82      87      84      92      81      78
      85      78      71      82      85      63      77      84      66      84
      83      81      71      68      74      97      73      72      76      98
      80      88      82      93      88      73      77      78      67      64
      83      76      77      84      91      84      81      84      75      88
      82      80      66      89      85      85      70      83      78      88
      83      81      69      76      78      83      74      86      68      86
      70      83      86      82      89      69      96      72      87      92
      92      77      94      78      76      84      71      61      79      86
      89      89      71      76      71      97      92      70      82      72
      93      78      71      65      86      76      73      84      85      83
      69      86      85      62      92      81      85      78      72      80
      77      98      77      90      72      71      66      83      83      87
      78      87      86      91      81      69      82      78      79      77
      80      77      75      89      71      73      79      88      91      70
      77      79      90      74      58      73      70      96      89      97
      85      72      66      67      66      93      70      83      81      86
      87      73      79      77      66      68      73      77      65      74
      69      69      60      83      86      70      56      97      90      67
      69      83      65      75      62      70      68      84      92      68
      70      71      83      74      63      73      77      80      77      80
      66      80      72      71      84      80      60      90      72      73
      60      76      63      69      82      72      77      76      78      72
      68      63      70      68      74      75      84      75      72      74
      80      87      73      82      62      87      77      81      67      76
      59      69      80      82      78      71      70      69      48      80
      57      76      69      67      69      69      66      69      66      84
      74      62      80      77      52      72      80      74      60      83
      65      74      68      81      68      78      69      60      74      97
      72      71      78      52      63      72      74      67      62      61
      70      84      66      83      80      79      58      69      69      68
      65      71      63      70      70      61      66      80      63      67
      43      61      67      63      61      70      75      83      63      70
      66      58      69      73      67      69      63      66      67      59
      68      90      63      56      60      80      73      69      61      57
      51      63      53      62      70      67      74      74      59      65
      66      82      51      68      72      61      72      55      83      62
      56      61      60      77      72      57      77      75      74      72
      56      62      60      67      58      43      57      59      61      44
      69      78      83      65      62      48      57      64      65      55
      71      72      68      51      69      65      67      60      64      73
      61      57      72      64      63      54      64      62      56      58
      60      69      62      72      57      67      46      62      72      78
      59      67      65      69      55      54      70      60      58      62
      59      66      51      60      58      74      73      54      61      68
      67      54      61      66      72      53      70      66      63      56
      50      65      63      69      67      74      56      50      61      67
      66      61      62      57      55      48      65      61      65      63
      62      58      56      59      51      66      57      57      67      60
      65      59      65      61      60      55      56      55      46      57
      62      61      74      63      56      67      62      58      58      47
      53      50      64      53      66      47      65      54      60      64
      62      55      48      43      48      67      56      44      51      65
      50      64      57      55      60      58      58      47      43      50
      59      53      52      55      58      50      45      64      59      67
      47      51      68      41      66      54      52      68      53      56
      61      65      51      61      55      54      47      49      55      52
      54      41      49      50      43      64      49      59      51      51
      49      61      53      55      55      53      50      52      45      58
      37      42      68      68      66      52      56      51      57      45
      53      55      57      55      60      50      46      41      54      56
      48      55      55      51      37      44      70      55      54      59
      58      59      55      52      46      47      56      46      58      62
      58      47      54      56      50      54      54      59      42      55
      50      50      58      61      25      57      54      42      44      45
      51      63      51      66      53      51      50      38      51      49
      66      50      44      56      43      57      54      63      33      49
      56      49      48      43      49      44      55      54      51      42
      64      49      40      54      49      59      51      56      52      47
      54      55      63      57      54      55      54      39      42      58
      52      48      46      45      60      54      62      48      51      47
      48      54      50      65      52      52      58      55      52      36
      43      54      46      66      66      54      44      48      55      63
      45      50      57      59      54      49      56      53      54      33
      44      50      44      48      41      48      55      40      52      59
      57      60      56      57      47      64      50      48      59      52
      50      59      50      62      52      58      51      55      47      55
      45      54      59      62      45      55      52      61      43      59
      61      56      46      54      71      61      46      60      56      49
      52      54      65      71      50      66      63      63      63      70
      56      74      51      59      50      67      56      60      54      59
      50      58      69      64      67      81      58      73      75      62
      79      65      74      62      78      87      84      65      75      76
      74      87      84      89      92      96      79      87      93      97
     106     105     112     121     111     128     113     114     132     142
     134     124     151     163     173     182     193     191     201     171
     180     239     204     229     234     247     227     251     265     271
     282     285     323     326     289     331     302     313     331     326
     345     343     328     358     357     367     346     361     369     394
     350     328     390     338     312     348     333     383     321     327
     354     341     312     313     319     320     264     282     244     285
     242     235     257     256     234     221     207     188     185     199
     221     182     138     154     148     154     137     137     136     114
     101     129     122     100     106      84      96      91      89      82
      89      91      80      73      73      87      93      81      78      87
      79      55      81      96      84      86      88      94      85      86
     107     120     108      95      91     139     119     144     152     144
     165     169     188     183     160     156     171     174     142     157
     158     175     155     189     154     150     132     130     134     155
     119     105     115     109      98     106      97      84      82     100
      82      72      44      54      47      54      51   24988
