$Informacoes da Fluorescencia de Raios-X:
"Sample    : ni_34679_8p",                                                                
"Operator  : americo",                                                                    
"Comment  : ni_50.6micromatter",                                                          
"Group     : kerr2007ag180cal_lt",                                                        
"Date       : 2018-04-03 09:41:03",                                                       
"",                                                                                       
"Mesurement Condition",                                                                   
"------------------------------------------------------------------------------------",   
"Instrument : 700HS2   Atmosphere : Vac.   Collimator : 10(mm)   Spin : No",              
"------------------------------------------------------------------------------------",   
"Analyte               TG kV   uA      FI Acq.(keV)  Anal.(keV)  Time(sec)     DT(%)",    
"------------------------------------------------------------------------------------",   
"Na                    Rh 50  210-Auto Al  0 - 20    0.8 - 1.2   Live -  179   14",       
"Channel_info_start",                                                                     
"Channel : Na",                                                                           
"Points : 2048
"Range : 0.000000 - 20.480000",                                                           
"Step : 0.010000",                                                                        
"Channel_info_end",                                                                       
$DATA:
       0    2047
       0       0       0       0       0       0       0       0       0    2048
       0       0       0       0       0       0       0       0       0       0
       0       0       0       0       0       0       0       0       0       0
       0       0       0       0       0       0       0       0       1       3
       7      11       7       8       7      14       9       6       9      10
      13       5       8       9       3       8       9       7       7       9
       8       7       9       8       4       8      11       9       6       6
      10      11       7      10      12      11       7       8      10      14
      11      18      20      16      15      19      18      19      31      40
      31      69      62      85     106     112     118     119     106     118
      89      88      74      65      46      44      30      35      28      17
      11      16      11      13       9      19       7       9       8      10
      10       6       5       7       9      10       7       5      12       5
       4      11       6       6      14       8      10       9       9       9
      14      13       3      14       5       8       9       8      16      16
       6      17      10      10      17      13      12      15      11      12
       8      13       7      10       7       9      10       8       3       8
      13      10       7       7      10       9       9      10       6      16
      15      16      16      16      25      14      21      13      11      13
       8      16      17       9      12      22      12      16      14      17
      11      16      19      22      27      25      19      30      35      32
      37      58      52      58      49      45      36      27      28      25
      24      17      18      11      15      11      10      12      13       6
       5      13       9      15      13       9       7      10       9      16
      10       7      13      10      10       8       9      13       6       9
       8       7       4       8       7       6       6       8       7      10
      10       7       9      10      12      14       7      13      16      14
      15      19      20      22      18      23      26      21      17      19
      21      17      18      14      16      14       9      11      14       7
       8      17      10      10      18      15      13       9      14       6
      14      17      10      12       8       7      12       7       9       8
       8       2       9      13       8       8       7       6      11       5
      13       8       9       8       8      11       8       9       9      13
      10      12      15       9       7       9      12      16      13      12
      16      15      15      15      17      20      14      20      16      16
      11      14      10      15      10       6      18      11      13      17
      11      18      12      17      30      31      33      42      44      75
      83     116     142     181     256     284     337     386     420     509
     539     503     556     522     468     444     376     314     233     221
     150     117      95      70      61      47      30      31      35      27
      38      29      41      41      47      44      47      54      69      72
      49      75      81      79      75      74      87      66      67      53
      46      42      32      29      32      29      29      19      14      21
      12      22      22      16      16      28      21      15      21      22
      21      24      20      30      28      28      25      32      28      19
      19      32      39      42      29      36      35      37      28      33
      28      29      40      39      36      37      37      38      28      28
      34      42      27      35      27      25      16      27      21      25
      34      30      18      20      32      29      25      21      25      36
      16      25      21      23      25      28      19      19      22      25
      22      18      19      24      20      28      31      28      26      19
      20      23      19      19      21      25      16      22      17      22
      30      23      25      27      28      32      27      20      20      23
      28      24      19      31      26      30      23      26      22      26
      33      32      32      27      26      37      42      49      44      48
      48      65      62      65      65      56      58      66      54      57
      56      57      41      37      40      34      40      31      33      35
      32      40      37      51      46      56      65      71      81      62
      81      96     103      86     104     127     109      94      96      99
      84      71      78      74      72      52      65      48      47      68
      56      45      60      46      53      46      60      47      46      61
      48      56      48      57      51      83      49      58      53      78
      50      66      56      63      69      45      72      81      72      78
      57      78      55      75      67      77      74      69      65      89
      94      93      81     132     131     150     163     181     195     211
     206     206     198     235     225     210     199     206     200     195
     136     155     126     134     116     110      96      69      68      72
      66      65      79      65      57      66      56      61      69      65
      49      62      56      66      60      57      47      86      58      66
      64      52      77      53      68      47      65      56      78      74
      61      71      70      84      79      74      74      88      91      89
      95      99     107      86     105     114     121     119     136     120
     126     128     146     135     131     134     123     133     137     137
     127     171     157     142     174     224     203     235     322     392
     459     656     840    1180    1618    2165    2943    3868    4949    6584
    8157   10496   11898   14776   17351   20203   21194   23829   25614   27828
   27435   29345   28364   28577   26094   25309   23376   21520   18029   16167
   13679   11748    9314    7654    6118    4733    3517    2640    2069    1451
     944     742     529     418     280     211     170     121     124     107
      99     105     111     109     109      95     112     109      92      93
      94     103     115     126      92     116     101     141     128     118
     140     155     125     169     120     162     178     183     222     241
     257     312     324     416     425     538     636     840     993    1170
    1399    1673    1909    2340    2526    2835    3071    3222    3429    3713
    3569    3756    3739    3612    3278    3265    2949    2827    2314    2212
    1741    1604    1234    1077     848     705     550     391     339     256
     202     177     132     113      93      72      64      87      66      61
      65      91      67      48      87      75      73      65      69      79
      83      88      65      57      71      55      71      53      62      61
      49      56      65      46      43      64      38      35      49      65
      38      45      52      53      47      41      56      46      37      46
      43      50      45      33      54      33      36      51      61      42
      56      46      40      46      52      53      43      34      49      40
      54      48      46      49      34      46      39      49      49      50
      41      47      56      40      54      53      50      63      63      52
      36      47      49      54      45      52      47      54      57      40
      56      48      61      55      55      45      70      57      49      65
      58      64      50      45      46      63      60      42      58      57
      62      53      63      45      46      60      61      63      49      50
      61      41      54      50      52      58      47      54      49      61
      43      46      58      46      51      45      34      47      54      42
      51      33      57      48      49      42      47      44      44      46
      47      44      42      62      39      44      36      45      52      39
      56      41      39      46      34      39      47      36      45      37
      56      46      41      52      49      39      41      42      38      41
      44      42      55      38      44      47      38      41      34      40
      51      45      33      38      43      54      56      44      37      41
      43      41      35      41      49      40      44      48      64      39
      42      40      48      51      58      39      44      51      51      49
      49      45      44      45      43      36      47      54      50      42
      41      49      55      42      42      42      49      51      53      38
      40      40      42      63      43      50      47      54      38      53
      45      42      52      56      54      42      41      44      52      39
      50      49      41      46      46      62      47      43      44      53
      57      47      44      40      43      46      40      38      44      51
      42      34      42      39      30      50      46      49      45      41
      45      46      42      40      38      51      47      53      35      33
      36      42      31      37      50      48      46      43      36      45
      38      37      27      32      46      45      39      41      36      38
      40      40      35      37      43      46      35      40      41      46
      36      41      41      46      31      43      42      55      35      35
      24      41      36      38      38      41      41      34      39      49
      26      45      37      44      36      37      40      39      40      39
      31      40      29      38      31      29      42      48      31      43
      43      38      44      36      37      36      36      37      32      40
      40      35      37      34      49      37      42      33      40      27
      41      32      48      29      39      45      45      45      42      43
      47      25      36      37      38      37      32      33      33      40
      28      37      43      47      37      36      40      48      36      48
      37      38      49      38      41      41      36      40      40      32
      35      60      35      28      45      36      34      37      34      46
      39      45      37      44      49      44      51      40      51      40
      42      44      36      41      30      43      44      39      45      48
      46      43      35      40      38      34      35      46      45      42
      40      42      30      43      53      38      45      43      25      46
      34      45      31      36      34      42      36      32      38      34
      38      38      40      34      33      43      44      43      33      41
      45      47      36      35      39      46      45      32      33      34
      27      36      38      35      32      36      36      39      26      38
      26      27      31      26      31      35      40      41      27      34
      40      42      38      33      25      28      34      38      26      36
      47      43      30      26      36      28      34      40      39      33
      33      39      36      39      31      22      33      36      31      35
      29      28      40      26      40      43      41      33      35      34
      34      29      34      38      27      35      27      33      24      30
      22      31      33      25      40      39      28      37      28      33
      31      24      39      34      27      35      46      37      34      34
      24      35      26      27      27      35      39      32      41      33
      34      39      33      27      31      32      31      31      24      39
      36      38      35      38      31      34      38      38      60      58
      45      44      52      53      45      60      70      66      58      70
      77      65      64      68      65      68      62      81      67      74
      63      70      61      55      45      52      47      50      34      57
      43      39      38      40      34      40      36      32      38      49
      32      31      44      28      35      26      25      42      23      35
      33      28      29      26      28      28      23      33      24      41
      33      30      29      30      31      29      24      31      29      29
      34      36      29      40      30      23      37      38      35      37
      35      36      24      34      37      33      47      30      41      42
      47      47      37      39      31      43      44      44      37      40
      39      40      49      29      28      28      41      38      40      38
      40      37      26      40      26      30      24      29      25      34
      27      33      32      23      30      29      28      28      38      19
      24      29      36      31      28      34      28      27      30      22
      28      27      35      32      29      32      27      26      31      26
      29      23      30      24      36      21      30      34      23      27
      33      36      27      32      30      28      31      30      30      32
      27      36      21      22      31      31      35      25      33      24
      20      31      26      23      35      26      27      32      21      21
      27      24      30      23      24      40      21      26      27      33
      29      26      24      34      34      22      27      34      30      33
      29      27      21      24      23      24      28      28      23      22
      30      29      28      26      20      25      29      19      26      30
      24      34      22      16      30      31      35      27      17      26
      33      19      26      25      30      27      28      27      23      18
      35      25      28      24      34      29      34      25      28      31
      28      23      25      35      27      25      35      22      27      29
      24      27      34      27      28      30      32      23      23      24
      27      24      31      35      28      25      31      20      19      22
      33      21      31      31      26      25      23      33      32      22
      27      30      30      31      27      28      37      27      27      30
      33      31      23      29      32      30      26      24      23      26
      29      30      31      32      28      22      41      30      30      29
      25      27      28      33      28      41      25      29      32      29
      21      24      34      38      32      25      38      32      28      23
      36      31      28      41      36      33      27      29      29      34
      33      33      26      40      31      38      57      28      30      43
      42      28      47      33      44      45      43      40      46      37
      43      52      37      50      51      54      51      64      48      53
      72      60      63      74      60      71      67      80      84      65
      79      79      68      71      79     104      82     105      86      98
     130     112     114     120     120     144     136     127     159     143
     122     159     168     158     145     185     175     162     165     179
     220     191     177     190     175     198     193     195     188     204
     169     174     194     184     188     173     208     186     185     175
     207     154     161     160     161     159     152     151     134     144
     140     137     145     150     106     108     117     108     105     102
      87      81      98      87      70      87      70      55      84      63
      65      66      72      61      51      62      54      53      52      41
      43      37      46      48      42      45      44      35      40      48
      44      49      49      37      45      51      48      51      54      48
      49      57      47      68      68      72      71      83     100      77
      76      83      95      85      88      85      95     108      71     102
     111      97     113     108      93      86      89      82      77      69
      88      84      78      70      64      55      57      54      52      40
      43      37      37      34      37      36      42   13640
