$Informacoes da Fluorescencia de Raios-X:
"Sample    : cr_34673_8p",                                                                
"Operator  : americo",                                                                    
"Comment  : cr_52.2micromatter",                                                          
"Group     : kerr2007ag180cal_lt",                                                        
"Date       : 2018-04-03 09:07:27",                                                       
"",                                                                                       
"Mesurement Condition",                                                                   
"------------------------------------------------------------------------------------",   
"Instrument : 700HS2   Atmosphere : Vac.   Collimator : 10(mm)   Spin : No",              
"------------------------------------------------------------------------------------",   
"Analyte               TG kV   uA      FI Acq.(keV)  Anal.(keV)  Time(sec)     DT(%)",    
"------------------------------------------------------------------------------------",   
"Na                    Rh 50  312-Auto Al  0 - 20    0.8 - 1.2   Live -  179   15",       
"Channel_info_start",                                                                     
"Channel : Na",                                                                           
"Points : 2048
"Range : 0.000000 - 20.480000",                                                           
"Step : 0.010000",                                                                        
"Channel_info_end",                                                                       
$DATA:
       0    2047
       0       0       0       0       0       0       0       0       0    2048
       0       0       0       0       0       0       0       0       0       0
       0       0       0       0       0       0       0       0       0       0
       0       0       0       0       0       0       0       0       0       0
      12       9      13      17      13       8      19      17      16       9
       9      10      15      14      10      13      13      15      14      16
      14       7       6      10      14      13      19      15       8      17
      13      12      14       7       7      13      14      11      11      13
       8      13      14       9       8       6      11       8      15      13
      10       7       8      18      10      11      11      11      13      10
      12      10       9      12      15      15      10      21      13      14
       5      13       8      12      14      20      11       9      14      13
      11      15      12      11      13      20      13      11       8      17
      11      14       9      12      11      10      16      16      12      15
      12      14      12      12      15      11      19      16      20      12
      13      11      14      22      17      14      19      22      19      24
      16      23      16      17      25      17      19      16      16      12
      14      14      14      14      19      11      15      25      22      12
      21      13      20      21      22      16      16      17      15      17
      15      16      22      22      19      18      11      20      25      30
      26      29      28      25      38      39      47      44      38      64
      71      79      82      75      58      61      63      49      41      45
      35      25      24      27      18      21      15      19      18      15
      19      21      12      24       9      15      17      15      18      15
      14      19      13      21      12      13      10       9      10       9
      12      10      17      16       9      15      17      13      17      18
      12      15      17      25      15      14      17      15      25      11
      15       9      15      23      19      22      15      20      19      14
      20      18      17      14      17      10      17      16      17      20
      19      14      23      17      12      16      17      18      22      19
      18      13      18      17       9      17      18       9      16      18
      21      16      13      21      21      15      18      14      17      16
      21      23      15      13      23      12      17      16      13      15
      20      23      20      14      20      24      18      20      20      23
      29      27      21      17      22      35      28      23      16      26
      28      29      24      24      27      21      22      22      17      32
      22      37      34      43      46      54      62      92     122     150
     166     261     334     389     462     575     645     851     808     916
     903     955     918     867     764     708     604     556     379     297
     263     210     137     101      97      73      67      59      43      60
      51      52      51      61      72      79      89      85      91     116
     105     122     105     115     126     113     113     117     105     113
      78      95      76      59      58      52      61      54      55      46
      63      58      52      70      64      44      48      60      47      52
      48      58      51      56      58      72      39      50      54      56
      57      65      54      71      58      78      69      63      63      64
      72      69      83      82      68      76      95      89      83      90
      90      71      79      73      87      84      89      96      76      99
      79      83      85      72      76      74      71      94      96      75
      83      92      86      77      74      72      89      71      74      63
      87      92      87      87      86      94      90     103      95      87
      95     100      87     108     110     115      99     126     114     139
     119     146     133     131     141     166     173     156     157     175
     210     231     267     300     347     447     606     971    1225    1792
    2471    3595    4822    6817    8615   11476   14215   18081   19868   24256
   27084   30573   31104   34544   34509   34947   32027   31569   28622   26203
   21684   19257   15462   13074    9719    7834    5753    4325    2862    2111
    1388     972     615     501     361     255     180     149     149     163
     129     146     123     123     134     161     168     200     185     215
     293     329     419     487     622     756     950    1233    1572    1981
    2111    2645    2914    3489    3616    3963    4208    4361    4203    4314
    4066    3925    3509    3239    2739    2530    1891    1610    1283    1021
     783     625     446     339     267     196     154     118     101      84
      75      77      70      46      52      53      60      46      58      76
      58      67      51      64      79      61      96      84      86     107
      96     117     107      86      91      98      97     116     103     117
      82      90      79     105      85      79      78      81      89      87
      72      88      57      63      72      75      61      78      72      69
      75      89      67      70      59      61      69      83      70      59
      53      69      63      78      58      54      52      65      54      75
      53      61      61      69      65      59      56      56      62      49
      63      75      59      62      62      82      49      57      72      73
      51      70      63      67      46      59      65      53      52      68
      42      62      69      61      76      70      67      77      58      68
      58      60      62      45      70      67      64      60      73      62
      61      58      72      67      56      47      61      63      70      64
      60      78      62      64      58      65      63      73      69      76
      67      74      55      72      67      70      71      64      77      65
      61      63      61      68      75      61      79      67      61      83
      71      70      61      73      50      58      80      67      63      68
      83      74      81      75      86      83      87      80      76      95
      95      98      91      89     100      93     110     110      94     107
     104     112     110     108      80      82      76      92      77      75
      69      85      83      68      71      78      68      78      65      67
      58      87      76      75      63      64      60      71      74      64
      68      56      89      77      49      82      81      68      71      82
      87      82      72      93      75      73      84     100      89      94
      76     105      94      90      91      98     121     119      99     111
     105     119     108      99      93      92      92      95      79      68
      81      87      62      78      76      72      81      65      64      63
      69      76      72      80      62      76      76      73      68      75
      71      88      61      75      76      60      56      68      72      70
      69      68      84      75      61      70      79      72      51      61
      68      63      63      70      74      75      64      52      67      62
      59      81      67      72      67      60      48      68      55      54
      58      74      63      93      54      61      68      67      68      75
      64      65      61      59      74      48      72      77      71      74
      73      73      47      67      79      70      72      68      77      67
      61      78      74      47      72      69      58      82      90      60
      74      56      60      64      76      73      63      62      74      68
      52      73      74      65      87      65      73      73      67      64
      87      73      86      69      60      64      63      60      59      81
      70      74      69      75      64      76      81      74      61      57
      62      80      65      61      63      53      63      63      52      61
      56      69      53      74      72      56      72      71      61      61
      56      72      55      63      57      79      59      46      72      69
      69      54      56      73      58      70      53      64      55      63
      59      72      56      68      71      60      63      61      77      64
      57      72      62      62      64      85      58      70      84      83
     100      82      77     104      88     108     104     110      87     105
     112      98     108     123     101     105      94      98      93      83
      74      95      85      84      78      61      83      56      82      72
      53      71      65      78      60      65      65      68      65      75
      74      71      56      65      74      71      58      67      67      63
      67      74      81      80      49      67      69      78      81      77
      62      74      73      73      72      80      72      75      69      80
      62      74      53      65      68      76      67      64      69      74
      43      72      49      58      67      56      52      61      71      49
      57      57      56      75      54      57      73      61      53      57
      52      35      69      51      44      71      49      49      55      62
      52      61      59      48      69      59      54      61      55      63
      46      57      67      55      61      55      58      45      63      55
      54      52      54      60      55      53      52      49      62      58
      46      62      47      55      51      61      72      54      52      58
      62      50      59      54      52      51      43      68      52      64
      55      73      46      57      63      52      40      68      59      63
      44      55      45      52      63      54      60      69      59      52
      49      57      55      52      48      41      64      68      48      61
      44      55      61      64      58      53      64      60      45      51
      38      54      51      45      54      54      55      48      51      61
      52      59      53      63      44      52      56      48      43      57
      56      55      58      57      64      58      43      36      55      45
      60      46      56      63      45      73      53      47      52      48
      52      56      39      57      44      56      53      46      49      73
      50      59      53      54      56      45      70      52      57      40
      47      56      55      63      52      48      43      70      57      58
      39      47      69      52      46      59      57      56      46      55
      64      67      50      57      48      54      48      44      44      61
      50      51      44      35      50      45      51      55      50      60
      48      50      56      47      50      53      53      56      54      45
      47      43      50      43      53      54      54      53      61      51
      61      39      40      47      53      40      53      55      47      53
      29      41      57      51      53      53      63      55      40      43
      43      50      51      50      46      46      39      58      48      51
      50      36      44      55      52      41      47      51      46      44
      64      51      50      37      38      46      38      34      45      45
      52      48      38      46      40      52      53      51      59      54
      60      29      36      44      60      55      49      49      45      54
      38      32      61      50      43      47      61      48      39      39
      43      49      50      55      57      60      45      48      35      48
      51      54      46      50      26      46      40      33      48      48
      52      33      40      41      47      47      55      52      34      41
      51      27      42      47      40      43      38      57      33      41
      40      45      47      48      41      49      42      48      37      44
      38      42      49      48      47      64      36      52      47      52
      45      36      38      46      35      47      48      42      45      46
      44      44      48      38      40      42      43      59      52      46
      29      53      38      38      53      47      53      37      45      41
      41      35      37      47      49      37      32      32      47      38
      51      52      46      43      33      43      45      41      49      40
      53      35      45      47      40      40      50      32      52      46
      47      39      33      39      37      36      52      35      37      41
      41      47      44      41      38      40      45      44      37      51
      51      42      37      33      47      38      40      32      41      37
      35      46      38      41      35      54      34      36      35      45
      38      45      43      44      57      49      41      38      38      41
      42      49      35      38      43      37      59      44      31      39
      44      46      39      36      32      37      39      52      42      43
      41      36      46      31      38      48      37      41      39      42
      27      42      33      32      47      44      43      36      48      42
      43      35      40      32      32      39      36      41      36      41
      45      44      36      40      51      44      39      28      34      34
      34      44      39      34      37      41      39      37      37      47
      48      33      39      31      37      42      37      42      52      50
      29      47      48      43      33      35      39      38      35      39
      39      39      41      33      27      27      33      36      32      37
      37      42      40      42      38      28      41      44      40      46
      43      31      30      40      32      21      36      40      40      37
      37      47      47      38      44      37      41      31      38      36
      42      33      40      44      45      42      34      35      57      39
      39      34      38      34      39      51      37      34      42      38
      39      41      40      43      31      41      44      47      42      34
      32      52      44      36      47      41      31      47      45      38
      36      52      44      46      44      36      38      47      40      43
      40      48      41      44      50      52      40      38      49      54
      41      42      49      52      39      57      53      41      41      53
      45      44      47      45      40      49      65      55      41      58
      59      60      53      67      42      67      47      55      42      72
      62      61      70      71      68      65      67      81      73      89
      94      88      84      95      99      99      94      96      98     108
     128     104     103     121     122     123     139     140     144     139
     145     185     164     192     207     201     202     187     224     205
     231     224     238     231     218     224     273     269     268     247
     272     257     236     288     255     260     223     293     314     269
     239     243     295     271     270     280     249     274     250     231
     269     244     224     236     231     234     218     221     189     205
     207     189     215     172     158     152     160     147     124     146
     135     131     114      82     112     122     102     114      97      91
      88      83      86      85      89      77      88      70      74      58
      69      68      58      78      67      58      63      47      44      69
      63      82      64      56      50      53      54      67      60      79
      87      98      85      86      90      93     117     110     123     124
     111      98     134     116     123     130     131     134     125     120
     116     148     128     117     126     127     102     124     132     130
     103     110     101      77      91      77      73      67      58      58
      60      48      54      47      51      49      39   19366
