$Informacoes da Fluorescencia de Raios-X:
"Sample    : rbi_34687_8p",                                                               
"Operator  : americo",                                                                    
"Comment  : rbi_52.0micromatter",                                                         
"Group     : kerr2007ag180cal_lt",                                                        
"Date       : 2018-04-03 10:24:18",                                                       
"",                                                                                       
"Mesurement Condition",                                                                   
"------------------------------------------------------------------------------------",   
"Instrument : 700HS2   Atmosphere : Vac.   Collimator : 10(mm)   Spin : No",              
"------------------------------------------------------------------------------------",   
"Analyte               TG kV   uA      FI Acq.(keV)  Anal.(keV)  Time(sec)     DT(%)",    
"------------------------------------------------------------------------------------",   
"Na                    Rh 50  393-Auto Al  0 - 20    0.8 - 1.2   Live -  180   16",       
"Channel_info_start",                                                                     
"Channel : Na",                                                                           
"Points : 2048
"Range : 0.000000 - 20.480000",                                                           
"Step : 0.010000",                                                                        
"Channel_info_end",                                                                       
$DATA:
       0    2047
       0       0       0       0       0       0       0       0       0    2048
       0       0       0       0       0       0       0       0       0       0
       0       0       0       0       0       0       0       0       0       0
       0       0       0       0       0       0       0       0       0       0
      11      34      24      24      39      33      26      28      38      30
      28      48      34      42      29      31      32      32      30      35
      30      32      43      31      32      33      53      36      35      34
      34      29      31      29      36      31      27      34      32      26
      38      46      26      38      18      28      28      31      30      30
      34      35      36      31      25      20      23      33      22      34
      35      25      25      35      25      32      23      20      30      33
      22      17      22      20      26      21      19      19      20      28
      20      30      18      24      30      36      24      27      24      21
      24      21      18      25      30      22      31      31      24      35
      38      27      26      34      22      36      26      30      36      30
      22      34      34      53      43      45      51      53      60      66
      66      69      62      53      75      83      40      67      47      78
      73     118     165     195     273     366     409     541     612     735
     802     898     877     866     840     846     738     692     591     509
     459     387     311     253     219     203     168     102     101      94
      75      70      50      72      61      66      55      72      80      88
     106     111      94     114     103     107      87     110      77      76
      52      72      52      60      60      59      63      77      81      76
      87      81      70      62      65      61      59      57      44      38
      46      33      38      45      22      40      33      29      30      32
      36      33      41      43      35      44      55      56      56      68
      66      43      54      60      53      46      43      41      38      39
      32      45      42      38      30      30      32      40      24      36
      36      48      32      31      29      38      48      39      30      34
      38      43      44      33      34      30      44      36      36      26
      32      30      25      26      25      31      28      31      40      24
      32      39      32      36      36      40      31      27      24      31
      29      42      32      42      36      30      32      45      41      50
      21      39      43      46      42      36      31      46      46      47
      49      43      47      48      48      52      54      47      72      72
      84      97     113     137     155     174     194     221     239     252
     242     274     254     251     247     250     215     214     202     241
     267     318     342     409     488     606     666     790     831    1014
     957    1033    1060    1046     962     924     817     728     644     618
     475     518     516     686     701     955    1170    1581    1931    2521
    2909    3729    4152    4890    4969    5529    5299    5539    4978    5065
    4146    3903    3175    2708    2028    1637    1215    1004     760     611
     486     461     468     565     567     851    1003    1412    1539    1988
    2296    2729    2850    3362    3300    3625    3493    3561    3319    3385
    2933    2766    2414    2168    1903    1702    1438    1306    1013     913
     783     668     612     527     533     527     546     626     654     749
     765     771     845     864     887     883     829     816     665     621
     527     449     380     335     286     218     181     164     149     137
     139     137     141     172     191     238     253     321     302     379
     420     403     438     447     429     416     390     381     306     304
     248     234     177     156     134     146     139     156     153     168
     157     188     196     226     249     256     243     253     294     320
     257     294     260     236     183     181     198     150     134     109
     116     102      79      77      73      79      65      70      52      52
      60      42      44      60      39      49      46      44      50      56
      51      59      54      36      46      53      54      65      54      39
      48      48      45      48      47      63      40      49      55      49
      41      49      38      47      49      54      49      52      60      52
      52      43      68      56      50      68      46      58      43      67
      71      60      52      51      61      51      61      53      47      56
      52      68      51      81      67      77      66      56      55      62
      59      78      67      66      77      74      81      77      73      86
      82      82      94      91      87      73      92     102      95      88
      98     105     115     105     125      79     120     122     111     117
     106     116      85     106     111     114     133     140     132     120
     122     133     102     122     122     104     104     126     131     108
     110     117     109     113      91     129     122     128     101     104
     121     110      90     119      84     115     113     107     118     109
     116     106     119     104      93     107     106     118     109     107
      95      98      99     102      93      97      97      97      89      84
      91     115      91     105      82     100      85      80      80      95
      94      99      85     100     109      94      95      77      92     103
      88      92      91      90     101      96      98     116      95     101
      70      82      97      78      93      87      83      81      81      77
      83      90     104      86      78     100      91      83      81      87
      91      92      81      88     100     131      84      91      83      96
      90      73      84      69      97      99      85      85      97      83
      83      86     100      84      81     101      84      87     116      95
      87      88     107      90      97      96     107      90      97      81
     108     103      99     101      91     106     127      81     102     122
     106     117     122     138     137     134     113     150     134     125
     145     127     139     165     164     179     164     190     177     179
     154     168     176     163     175     160     152     162     114     127
     121     150     130     139     107     120     111     120     111     104
     122     104     117     131     111     134     126     118      98     118
     123     134     128     114     136     119     133     132     113     134
     110     129     123     129     134     118     128     137     148     140
     152     167     156     158     188     185     149     192     172     179
     167     183     168     167     170     152     144     141     136     131
     144     114     135     124     146     143     132     118     114     132
     125     128     123     132     113     120     118     105     124     133
     127     134     131     133      82     114      96     144     109     132
     110     110     102     106     120     105      99     104      83     119
     111      90      92      95     104      91      98     103     101      85
      98     104     113     102      85     101      95      80      83     105
     107     107      89     100     107     113     113      94      89      96
      81     127      92     115      88     100     102     108      86     106
      96     103     102     101     103      96      94     108     105      80
      91     105      73      94      87     108      89     101     110      93
      89      82     105      93      88      86      90      87      86      95
      84     102     116      79      96      99      99      82      90      88
      90     102      96     101      89      93      93      82      86     109
      92      98      91      93      75      87      99      96      89      94
      92      94      90      94      98      99      81     107     107     102
      97     128     116      97      82      88      68      90     101      91
     109     105     120     110     110      86      88     103      95     101
     111      90      95      95      91      93      78     105      90      97
     117     103     103      93     109     103     109     109     101      96
     121     114     105     103     103      96     107     114     108     101
      78     104     100     114      97      98     128     105      95      87
      97     104     109     115      91     119      97      91     100     105
     108     109      97     101     113     124      84     102      94     103
      85      90     113      91     113      89      85      95     103      95
      99      82      86      91      96     104      95     117      82     101
      84      79      80     107      85      94     108     107      94     103
     110      98      95      84     100      88      91      92      98     100
      90      99     119      90      74     102      85      81     106      98
     104      94     104     100     115     103      84      95      85      97
      94      86      91     109      96      95      89      95      78      72
      85      75      97      75      93      89      84      91      89      87
      97      81      85      80      86      86      83      95      77      90
      78      94      97      93      80      80      86      84      85      88
      80      86      76      90      84      93      98      92      65      79
      83      93      82      91      89      90      69     102      73      84
      77      84      87      67      77      69      78      72      75      84
      89      95      80      88      75     109      87      86      93      89
      94     100      99      91      90      92      84      98      91      87
      89      88      99     105      92     120      82      95      85      91
      91      93      99     108      97      99      98     113     101      98
      97      93      90     100     115     116     101     108     107     103
      89      95     103     107      98      84     114     125     106      93
     100     111     109      99     118     129     103     159     138     143
     148     155     183     193     218     290     304     386     428     565
     698     857    1022    1234    1507    1861    2151    2725    3079    3791
    3965    4731    5438    5986    6370    7342    8162    8930    9142    9947
   10362   10964   10948   11370   11704   11684   11067   11446   10863   10759
    9697    9556    8773    8540    7535    6872    6279    5779    4736    4371
    3629    3162    2677    2305    1929    1516    1274    1012     874     743
     561     452     382     287     234     205     188     158     135     141
     119      90      87     104      88     102      81      92      77      81
      99     107      91     111      91      85     103      89      82      92
      99      87      86      86      85      91      73      85      94      79
      78      85      96      88      73      92      72      88      78      87
      82      95      89      63      86      92      89      92      73      86
      87      89      79      84      82      91     109      75      72      92
      65      69      86     103      84      98      89      90      89      91
      79      84      86     101      80      93     106      88      87      88
      81     111      97     101      97     102     102     104     122     108
     105     113     115     143     111     133     136     158     173     165
     257     219     294     302     396     453     480     545     671     793
     783     928    1061    1106    1200    1304    1444    1440    1504    1639
    1722    1717    1745    1791    1889    1881    1787    1872    1716    1744
    1477    1514    1387    1415    1259    1160    1107    1022     862     823
     824     695     597     622     531     511     432     423     360     366
     335     333     316     276     244     223     229     218     170     158
     173     138     125     141     118     105      89     100      81      94
      91      98      70      81      49      64      68      68      71      75
      58      66      79      66      63      79      62      71      64      63
      71      69      52      58      68      64      49      55      58      69
      68      61      63      63      55      54      49      61      63      56
      59      49      63      67      64      66      59      63      58      59
      69      56      50      52      61      53      53      63      67      57
      56      63      61      65      56      60      65      56      72      52
      55      52      45      58      55      62      43      51      53      51
      50      51      61      50      60      48      44      58      54      53
      55      51      45      43      61      57      51      63      57      60
      47      55      59      66      62      63      62      51      53      51
      68      60      52      48      61      52      51      72      59      58
      67      64      47      54      53      59      56      57      52      51
      63      62      54      63      67      59      56      56      64      52
      52      54      57      51      60      47      58      68      56      58
      57      67      40      53      69      62      53      58      34      77
      52      59      41      61      41      52      44      57      57      66
      51      49      51      67      62      58      60      66      55      54
      58      59      41      52      54      52      55      62      55      57
      51      66      59      49      68      48      44      60      63      60
      51      60      51      59      67      69      60      53      60      48
      70      65      50      62      64      58      71      77      52      71
      57      62      47      56      55      43      53      61      44      81
      64      56      56      63      47      59      49      57      59      64
      56      84      56      63      46      52      51      47      59      50
      60      60      64      50      45      58      56      69      57      55
      53      64      39      58      49      53      58      64      52      66
      44      50      62      60      70      49      61      59      46      52
      52      71      64      69      50      55      53      47      61      68
      77      63      60      69      60      56      59      66      68      76
      53      80      78      72      67      76      52      79      61      74
      70      62      66      70      58      63      81      90      80      84
      77      84      92      86      90      88      76     119      98     102
      97     115      95     120     101     124     120     129     128     154
     123     161     140     172     140     177     188     185     182     207
     204     216     209     212     219     254     229     257     256     269
     270     262     287     291     295     284     333     318     325     327
     307     353     322     334     354     372     327     326     331     388
     339     318     356     361     315     349     323     373     313     330
     309     310     289     319     332     318     280     255     273     233
     240     219     234     234     212     213     236     194     178     177
     153     172     175     157     190     175     145     128     120     129
     101     135     114     111     100      94      98      95      84      87
     117     116      73      93      88      97      73      89      68      78
      77      79      75      78      97     104      88      99     110      97
     118     111     102     124     161     143     135     153     171     168
     155     183     197     224     208     223     224     199     194     207
     229     228     220     221     215     192     243     184     212     188
     180     173     162     154     142     111     142     126     115     113
     103     106      68      87      77      64      71   44672
