$Informacoes da Fluorescencia de Raios-X:
"Sample    : cu_34681_8p",                                                                
"Operator  : americo",                                                                    
"Comment  : cu_46.7micromatter",                                                          
"Group     : kerr2007ag180cal_lt",                                                        
"Date       : 2018-04-03 09:49:06",                                                       
"",                                                                                       
"Mesurement Condition",                                                                   
"------------------------------------------------------------------------------------",   
"Instrument : 700HS2   Atmosphere : Vac.   Collimator : 10(mm)   Spin : No",              
"------------------------------------------------------------------------------------",   
"Analyte               TG kV   uA      FI Acq.(keV)  Anal.(keV)  Time(sec)     DT(%)",    
"------------------------------------------------------------------------------------",   
"Na                    Rh 50  237-Auto Al  0 - 20    0.8 - 1.2   Live -  179   14",       
"Channel_info_start",                                                                     
"Channel : Na",                                                                           
"Points : 2048
"Range : 0.000000 - 20.480000",                                                           
"Step : 0.010000",                                                                        
"Channel_info_end",                                                                       
$DATA:
       0    2047
       0       0       0       0       0       0       0       0       0    2048
       0       0       0       0       0       0       0       0       0       0
       0       0       0       0       0       0       0       0       0       0
       0       0       0       0       0       0       0       0       0       1
       8      10       8       6       9      16      16      20       7      16
      17       8       9      11      10       7      11      16       8      12
      11      13      11       7      12       7       8      17      14      10
      18       9       6      10      11      12      10      10       5      12
      10      13      13       6      14      13      13      19      11      17
      19      27      26      29      33      34      49      70      80     130
     136     152     193     220     217     217     232     206     185     177
     131     119      89      66      60      38      43      22      22      23
      20      15      12      10      17      13       7       6      12      10
       8      13      10      12       8      14       5       7      10       6
       9      11      13       9       7      15      16      10       8       4
       4      16      15      10       9       9      15       7      18      15
      10      12       9      12      11      10       8      12       8       6
       9       7       6       9      10       8      10      14      16      15
      22      13      21      22      25      21      19      19      13      25
      15      19      17      26      16      15      14      17      11      21
      14      14      11      20      26      33      37      33      47      33
      43      69      61      60      40      50      36      39      30      35
      21      27      16      21      19      14      16      19      10      20
      15      18      32      24      29      38      53      63      73      93
      88      98      89      94      97      82      61      45      38      35
      29      18      20      18      15      18      19      19      22      22
      10      13      14       9      11      12       9       4      14       6
      11      17      10      11      16      21       8      19      16      16
      11      10      14      11      19      12      14       8       9      16
       7       8      14      13      16       8      10      10      19      15
      15      13       9      17       9       9      12      12       9       8
      12      11       7       6       5       8       9       7      13       9
      16       8      10      11      21      11      15      14      16      14
      10      14      11      14      21      15      14      11      16       9
      11      10      13      15      13      16      10       6      10      12
      13      12      15      12      14      12      17      15      12      12
      13      22      16      25      27      24      24      43      55      59
     110     119     163     208     224     332     345     442     502     533
     566     612     537     562     531     450     414     358     302     225
     192     125     129      86      56      73      43      34      36      34
      35      21      32      48      35      56      58      57      48      72
      86      90      98      98      82      82      74      80      74      72
      52      63      60      33      24      39      33      26      22      29
      21      21      20      28      21      31      27      21      24      24
      17      35      24      26      32      19      21      34      28      28
      33      30      35      31      28      30      33      33      31      33
      28      37      30      32      34      28      19      32      34      39
      29      43      32      28      22      29      30      29      36      26
      27      20      20      29      25      26      37      21      21      31
      38      29      14      27      26      30      32      26      27      26
      20      24      25      33      28      23      17      35      20      29
      22      27      28      29      25      21      36      32      32      34
      14      24      28      16      23      23      25      29      20      20
      27      29      26      34      26      28      26      23      26      27
      22      40      27      27      27      36      30      27      33      27
      33      31      37      40      33      30      35      38      36      40
      36      28      28      32      30      36      31      34      31      29
      29      32      21      30      30      26      27      28      41      26
      33      23      28      34      42      37      42      33      39      42
      44      35      42      49      41      45      36      51      44      50
      49      56      51      53      53      56      54      62      60      67
      56      54      56      83      54      58      58      55      60      51
      56      79      55      56      53      73      68      58      64      67
      65      94      70      89      87      91      99      89      87     106
     107     109     112     103     106     108     121     119      73      97
     112      88      99     115     100      86      79      78      78      78
      71      77      64      82      51      59      73      53      72      59
      64      52      62      69      65      62      63      71      58      68
      59      75      64      70      71      66      65      76      74      77
      75      58      57      73      73      61      62      68      58      65
      78      73      67      67      63      61      72      75      72      87
      83      92      76      79      85      79      90      82      66      98
      82      82      97      83      84      91      68      81      63      64
      70      83      75      77     100      71      69      84      75      62
      66      75      83      61      76      78      55      69      79      74
      80      78      60      79      81      93      71      95      78      94
      72      75     108      83      79      82      87      74      87      60
      82      96      91      78      96      91      83      97     107      91
     101     106     123      87     121     134     117     132     142     139
     145     196     207     220     254     331     415     513     727     987
    1263    1780    2284    3197    3902    5191    6570    8318    9537   12139
   14174   16596   17841   20497   22136   24595   24405   26419   27123   27292
   25489   25570   24073   22917   20043   18862   15979   14173   11485    9958
    7974    6635    5221    3995    3207    2456    1700    1311     961     721
     514     384     265     221     184     131     132     118      95      98
     107      89      93     104      75      87      82      84      82      99
      93      94      96      89     103     119      97     118     113     121
     114     113     150     136     139     155     143     185     148     176
     183     204     211     233     247     269     336     383     449     525
     629     815     873    1123    1323    1662    1785    1981    2240    2606
    2781    3012    3052    3477    3306    3448    3593    3607    3262    3116
    2905    2742    2391    2224    1889    1762    1315    1162     973     832
     678     506     415     360     254     212     177     150     124      93
      81      79      71      50      56      63      75      69      56      61
      51      85      62      66      59      77      71      79      57      77
      62      80      61      81      53      61      71      79      71      70
      74      51      58      63      55      72      64      73      76      66
      61      67      65      69      66      52      64      54      54      63
      57      68      70      57      53      50      51      61      49      62
      48      51      53      54      49      68      51      46      53      58
      47      39      63      48      39      60      48      53      46      57
      40      52      47      43      55      38      50      61      47      49
      35      35      44      61      46      35      51      42      58      62
      49      68      49      45      47      42      38      57      41      57
      41      48      58      37      52      47      49      42      48      44
      43      47      48      52      52      48      54      49      47      54
      44      54      58      52      56      52      42      57      56      51
      53      48      52      45      47      61      45      57      52      57
      45      46      55      43      41      64      38      61      48      55
      31      54      66      53      54      57      43      54      46      41
      58      43      56      60      52      54      55      48      45      63
      52      62      46      48      42      46      47      52      57      38
      41      49      51      36      54      45      49      45      51      49
      54      57      62      41      43      55      51      47      47      51
      43      31      40      44      43      60      35      60      49      44
      48      44      41      58      37      46      41      41      41      49
      49      41      48      46      46      47      42      37      40      43
      40      43      27      38      54      35      42      48      44      46
      60      39      51      44      44      43      37      63      42      47
      41      47      40      33      52      46      46      44      35      55
      40      38      34      36      61      46      40      50      45      43
      35      29      48      43      44      41      41      51      37      52
      31      55      37      45      44      47      53      43      32      45
      40      54      38      48      44      55      51      36      37      48
      31      41      34      34      43      49      38      39      57      37
      42      62      53      53      47      39      54      44      39      49
      43      44      41      44      52      55      47      54      38      43
      41      41      38      43      44      38      44      44      45      47
      36      46      38      40      42      38      35      46      44      57
      44      43      40      36      34      45      40      40      31      55
      55      40      45      32      26      50      43      45      37      43
      40      38      47      33      37      40      47      40      55      39
      38      39      52      54      64      41      34      51      32      50
      41      53      38      46      39      48      39      31      32      38
      41      36      45      49      35      40      35      38      44      35
      44      43      38      40      41      31      33      36      40      34
      34      44      58      40      33      42      29      33      38      42
      21      43      33      45      36      38      36      38      48      42
      44      45      30      41      46      30      56      34      49      33
      35      40      42      37      45      33      45      41      36      46
      26      27      39      44      34      34      40      40      45      40
      55      31      41      30      38      42      22      45      43      48
      40      34      33      40      43      46      52      46      44      46
      44      38      45      41      39      37      26      32      33      42
      38      28      32      28      45      24      40      32      26      26
      35      34      42      35      42      33      33      36      34      30
      44      33      32      27      42      42      35      37      41      34
      28      38      51      20      30      39      32      30      28      39
      36      27      31      35      42      32      40      32      47      47
      37      44      34      30      42      27      39      34      42      37
      33      38      34      44      30      25      33      28      37      29
      33      33      30      38      27      46      37      36      33      42
      25      33      33      40      37      29      48      35      47      33
      35      32      36      38      33      32      25      24      29      39
      36      27      33      38      30      37      40      25      39      37
      27      44      36      28      29      31      28      39      28      37
      38      39      45      38      34      35      36      38      36      27
      30      34      29      38      31      31      22      35      37      44
      28      21      36      37      18      31      48      34      34      35
      28      32      29      27      33      39      33      33      39      46
      34      33      37      32      22      37      33      41      45      40
      48      44      40      52      46      51      72      45      47      63
      66      61      57      56      53      67      71      61      67      78
      74      65      58      76      54      51      53      52      48      59
      55      46      40      54      34      49      41      40      38      36
      51      48      34      33      47      30      43      36      26      35
      36      34      30      31      33      23      31      33      22      53
      25      34      26      29      30      36      30      35      24      33
      39      36      38      35      24      28      34      38      29      35
      38      32      43      34      38      33      26      33      32      44
      33      31      24      44      33      34      24      49      46      38
      39      50      36      46      44      31      42      42      32      49
      37      42      43      35      38      40      40      39      39      40
      41      37      32      33      32      31      40      28      35      25
      33      30      29      35      32      36      37      46      23      22
      34      31      36      34      31      34      34      19      28      31
      34      29      17      37      28      22      30      25      34      31
      42      26      31      40      29      25      23      28      26      29
      31      18      30      22      19      35      31      28      37      26
      31      25      36      39      40      40      34      39      28      40
      34      30      43      34      31      19      30      29      34      32
      25      27      32      26      27      24      29      44      38      39
      36      29      31      31      31      28      22      39      39      33
      29      28      32      25      35      43      32      37      23      42
      36      39      24      27      34      31      28      38      33      37
      42      25      31      33      41      43      31      41      29      39
      37      40      44      32      38      35      57      43      32      42
      41      54      41      54      49      42      57      49      37      45
      58      49      44      58      38      51      49      60      49      62
      68      58      68      62      57      85      70      77      73      91
      71      89      85      96     100      89     104     125     118     121
     117     139     121     138     143     139     141     144     155     149
     163     164     178     174     180     205     189     194     184     182
     209     207     186     211     224     193     225     223     216     218
     209     200     201     239     200     183     213     201     201     208
     157     184     166     171     183     161     176     163     143     166
     164     135     161     144     122     129     107     126     104     123
     119      96      95      92      88      85      72      60      90      75
      76      64      65      72      56      59      67      48      45      55
      55      52      45      50      59      37      28      39      44      28
      51      37      46      49      50      47      51      60      51      67
      64      61      60      50      68      91      73      77      89     101
     105      85     101     117      86      96     131     111      99     102
     108      84      91     100     106     100      79      87      77      69
      72      79      72      71      71      57      64      66      62      55
      40      48      36      35      27      47      27   14682
