$Informacoes da Fluorescencia de Raios-X:
"Sample    : srf2_34688_8p",                                                              
"Operator  : americo",                                                                    
"Comment  : srf2_54.4micromatter",                                                        
"Group     : kerr2007ag180cal_lt",                                                        
"Date       : 2018-04-03 10:28:31",                                                       
"",                                                                                       
"Mesurement Condition",                                                                   
"------------------------------------------------------------------------------------",   
"Instrument : 700HS2   Atmosphere : Vac.   Collimator : 10(mm)   Spin : No",              
"------------------------------------------------------------------------------------",   
"Analyte               TG kV   uA      FI Acq.(keV)  Anal.(keV)  Time(sec)     DT(%)",    
"------------------------------------------------------------------------------------",   
"Na                    Rh 50  309-Auto Al  0 - 20    0.8 - 1.2   Live -  179   14",       
"Channel_info_start",                                                                     
"Channel : Na",                                                                           
"Points : 2048
"Range : 0.000000 - 20.480000",                                                           
"Step : 0.010000",                                                                        
"Channel_info_end",                                                                       
$DATA:
       0    2047
       0       0       0       0       0       0       0       0       0    2048
       0       0       0       0       0       0       0       0       0       0
       0       0       0       0       0       0       0       0       0       0
       0       0       0       0       0       0       0       0       0       3
      14      28      22      28      21      30      19      18      25      26
      28      35      23      33      29      30      28      31      32      32
      24      31      37      39      31      33      21      35      27      37
      38      36      38      43      32      31      24      46      34      35
      30      32      43      35      32      33      29      25      27      31
      29      29      27      21      17      22      32      21      24      32
      21      18      37      19      14      23      18      30      21      25
      15      22      19      15      19      21      23      20      21      27
      24      15      23      19      22      18      19      23      15      25
      18      10      24      24      10      20      28      28      25      26
      16      15      19      27      30      36      20      15      18      35
      23      29      23      25      23      24      30      31      28      43
      43      41      58      62      65      80      84     108     100     160
     133     137     137     145     140     120     108     131     122     171
     161     198     256     319     487     614     798    1062    1223    1498
    1676    1818    1908    2095    1862    1843    1685    1710    1365    1323
    1085     960     802     743     568     519     407     373     313     298
     235     200     162     148     111     111      82      84      47      47
      35      36      26      31      23      22      26      26      36      36
      32      39      39      40      28      34      25      26      17      17
      15      21      12      20       7       5      16      10       6      15
      18      20       9      10      13      10      17      13       9       8
      15      13      14      18      12      16      10      11       4      19
      17      20      17      12      16      25      23      18      22      11
      21      20      17      17       5      14      15      13      18      16
       7      17      13      17      13      17      15      13      22      18
      11      16      11      17       9      18      13       9      12       7
      15       8      13      10       7      11       9      16      13      16
      12      14      14      12       9      17      11      16      11      13
      15      11       7      18      15      16      13       9      10      11
      19      19      13      14      11      20      15      18      16      19
      14      13      16      15       8      15      17       9      17      17
      23      19      17      20      37      37      38      58      70      87
     119     141     188     263     309     422     438     568     639     714
     684     720     703     718     623     628     521     457     344     266
     221     142     132      86      77      71      44      47      46      47
      43      53      42      49      31      46      67      72      68      95
     102     107      92     132      93     105     116      99     110      54
      66      59      50      50      25      36      40      18      24      39
      22      19      12      26      23      30      19      19      28      25
      30      36      34      29      33      36      28      38      26      34
      38      44      37      43      39      55      36      45      60      37
      45      45      38      38      41      52      45      45      41      30
      40      35      42      51      32      36      37      41      36      28
      27      27      38      47      32      34      35      29      30      22
      27      23      32      28      33      32      29      37      27      28
      29      36      24      32      29      27      29      26      28      28
      26      25      19      33      30      36      21      23      26      27
      27      42      25      35      33      40      26      32      22      36
      27      23      22      39      31      35      25      30      38      41
      30      36      18      22      34      40      34      43      35      34
      33      40      33      44      31      40      31      38      36      42
      26      41      35      46      38      47      33      30      38      50
      49      62      34      51      38      51      47      49      56      53
      52      59      49      43      65      71      63      73      70      61
      58      75      61      53      55      54      57      66      62      47
      62      70      59      72      56      60      69      58      66      56
      60      55      37      49      66      57      57      49      56      67
      43      53      52      46      50      61      61      52      42      66
      62      59      51      62      69      63      65      55      51      58
      71      77      67      73      65      60      70      67      91      71
      77      62      84      88      77      89      88      74      73      82
      76      96      68      83      85     109      82      66      75      94
      88      80      77      64      71      75      68      85      60      76
      74      71      78      82      58      71      67      75      88      56
      97      71      77      72      52      79      68      80      77      77
      63      69      65      67      74      74      71      56      71      60
      70      78      64      76      56      79      67      71      67      65
      64      73      66      71      67      77      77      60      50      57
      65      78      61      63      81      67      68      66      57      71
      63      69      68      67      78      71      61      52      58      60
      62      70      64      69      67      71      59      64      63      74
      74      76      66      68      63      72      73      59      69      80
      85      79      79      94      98      79      78      76      68      81
      77      74      92      82      65      84      89     100      90      81
      91      91      90      79      86      81      91      98      91     111
     111      95      98     106     105     117     105     104     104     113
     119     119     120     147     149     168     133     153     143     200
     182     182     176     170     170     200     181     186     166     181
     176     155     123     160     145     129     147     120     105     106
      91     102     101      92      78      69      72      75      81      68
      78      77      77      76      74      76      55      66      78      73
      51      71      76      64      75      93      74      86      79      97
     101     103     108     109     116     114     121     125     128     118
     113     112     106     108     107     107     100      76      86      97
      99      91      66      71      69      82      72      89      83      72
      68      79      85      81      80      90      66      83      74      74
      63      78      71      81      67      76      65      78      62      83
      72      65      66      68      63      62      53      84      68      65
      59      63      66      72      64      95      88      89      77      88
     100     108     111     105     114     107     109     101     110     121
     114     133     120     116     122     118     106     115     104      97
      88      76      80      83      91      95      90      91      83     106
     104      89      91      99     103     108      99      96      75     104
      85      88      79      88      96      87      75      88      77      92
      79      78      71      72      81      75      80      78      71      76
      59      80      73      74      65      77      90      82      62      59
      91      64      65      72      72      64      80      71      82      62
      82      71      82      86      69      75      73      73      67      68
      63      68      83      73      55      59      59      79      72      80
      75      70      74      72      62      64      67      67      59      79
      55      62      72      67      63      67      48      62      60      67
      52      63      71      71      66      76      63      67      69      67
      69      65      57      89      68      55      56      67      48      60
      64      71      71      57      58      65      54      53      54      73
      64      71      74      65      56      72      70      85      57      73
      61      75      78      80      91      71      68      65      67      71
      57      78      64      83      65      74      71      67      71      71
      73      74      72      71      68      71      71      61      78      67
      55      79      71      59      57      72      65      74      67      71
      67      76      75      83      77      83      64      81      57      88
      64      65      73      62      49      68      83      63      68      71
      61      68      68      66      56      62      63      84      73      51
      61      66      56      58      75      69      56      70      69      58
      49      58      52      68      52      72      64      67      62      64
      56      64      57      72      68      73      60      51      65      70
      68      49      72      53      68      56      66      64      50      69
      64      60      71      57      69      62      59      67      56      55
      62      64      61      66      60      55      71      61      66      60
      81      54      66      64      66      67      56      57      49      76
      65      71      61      61      56      58      48      64      71      66
      68      49      60      60      63      59      74      72      79      66
      66      54      62      57      53      75      53      50      55      60
      60      68      56      61      70      54      57      61      59      55
      42      55      47      53      57      50      67      60      61      67
      64      67      62      71      69      54      60      65      60      62
      53      54      68      47      53      71      64      59      60      60
      66      68      61      59      77      56      68      61      63      65
      58      62      76      72      53      65      72      56      65      60
      59      64      59      75      64      68      65      73      77      71
      63      77      64      69      75      61      57      51      58      63
      59      68      72      66      64      73      61      66      61      77
      55      67      60      67      67      69      77      70      73      81
      51      81      90      73      71      71      81      75      74      86
      77      78      80      73      83      93      91      78      88     101
      69     102      85      93      95     120     110     143     154     200
     208     272     343     412     469     589     735     874    1151    1374
    1814    2138    2444    2866    3472    4180    4550    5350    6405    7092
    7347    8538    9116   10279   10508   11636   12341   12974   12867   13545
   13975   14414   13869   14522   13862   13771   12920   12654   11867   11664
   10258    9844    8952    8212    7181    6444    5738    5166    4255    3701
    3247    2765    2184    1808    1553    1230     990     850     667     493
     374     333     255     219     171     151     134      99      93      88
      85      93      67      63      78      71      61      78      71      64
      68      61      63      58      69      64      66      61      62      71
      69      53      68      56      49      66      62      63      65      55
      55      57      82      49      55      50      60      55      60      57
      78      56      56      63      71      50      50      63      66      59
      49      65      66      60      53      58      66      56      77      65
      56      58      56      61      54      70      62      59      77      70
      63      54      57      70      61      73      69      58      68      62
      71      74      80      71      68      71      82      66      71      68
      72      76      74      71      78      99     100      78      87      95
     124     117     103     149     132     180     189     219     274     296
     357     426     459     549     572     752     793     958    1045    1103
    1281    1484    1481    1698    1769    1964    1912    2025    2219    2279
    2058    2274    2304    2304    2061    2255    2200    2183    1919    1922
    1762    1678    1594    1472    1340    1265    1167    1038     958     929
     785     728     663     631     607     534     524     500     448     449
     425     370     341     319     294     268     235     249     212     183
     230     177     163     179     125     129      96     106      69     113
      79      76      63      44      59      53      41      52      53      46
      44      52      41      49      38      37      38      30      46      39
      37      40      41      38      33      38      40      48      34      40
      35      33      40      39      35      42      28      43      31      39
      37      38      36      30      39      42      43      40      42      46
      38      38      42      50      48      47      37      41      41      39
      36      27      37      34      43      46      40      33      43      37
      43      37      40      35      33      35      35      33      31      35
      31      34      35      35      34      48      37      33      37      34
      39      28      32      33      31      31      40      32      47      53
      52      34      31      32      37      42      36      30      37      34
      33      37      25      34      39      33      37      37      40      26
      39      43      38      44      42      41      35      42      37      30
      47      45      29      41      31      48      30      48      33      42
      47      44      35      32      31      34      34      37      39      41
      43      34      43      45      46      44      31      45      36      32
      54      54      41      44      39      32      47      33      45      48
      34      32      31      35      30      52      42      37      48      38
      38      41      30      53      41      32      46      36      48      39
      40      52      44      51      35      40      48      40      44      33
      49      60      34      44      47      49      47      41      77      53
      42      52      47      48      55      46      56      55      56      59
      57      70      52      64      45      66      39      53      51      59
      60      63      73      63      76      58      69      75      81      75
      81      83      84      73      77     103      90      97      99     106
     103     112     103     131     123     111     134     136     130     139
     165     156     161     171     164     140     192     208     182     209
     186     189     221     232     220     231     230     222     251     236
     274     274     229     246     250     275     257     219     268     263
     227     283     280     250     235     276     220     253     222     222
     202     230     240     203     214     192     176     206     205     191
     183     199     171     194     153     153     154     125     137     130
     148     127     113      94     101     109     101     104      87     101
     103      99      97      80      65      63      69      76      79      64
      61      70      56      58      63      55      55      68      59      65
      47      58      49      62      53      70      48      50      57      68
      88      85      72      76      70      76      78      91      95     103
      95     116     123     125     125     100     125     119     110     117
     127     126     107     118     108     119      97     110     112     102
      90      74     114      99      90      85      71      68      76      52
      60      48      48      58      46      40      48   19600
