$Informacoes da Fluorescencia de Raios-X:
"Sample    : csbr_34686_8p",                                                              
"Operator  : americo",                                                                    
"Comment  : csbr_52.3micromatter",                                                        
"Group     : kerr2007ag180cal_lt",                                                        
"Date       : 2018-04-03 10:18:09",                                                       
"",                                                                                       
"Mesurement Condition",                                                                   
"------------------------------------------------------------------------------------",   
"Instrument : 700HS2   Atmosphere : Vac.   Collimator : 10(mm)   Spin : No",              
"------------------------------------------------------------------------------------",   
"Analyte               TG kV   uA      FI Acq.(keV)  Anal.(keV)  Time(sec)     DT(%)",    
"------------------------------------------------------------------------------------",   
"Na                    Rh 50  360-Auto Al  0 - 20    0.8 - 1.2   Live -  179   15",       
"Channel_info_start",                                                                     
"Channel : Na",                                                                           
"Points : 2048
"Range : 0.000000 - 20.480000",                                                           
"Step : 0.010000",                                                                        
"Channel_info_end",                                                                       
$DATA:
       0    2047
       0       0       0       0       0       0       0       0       0    2048
       0       0       0       0       0       0       0       0       0       0
       0       0       0       0       0       0       0       0       0       0
       0       0       0       0       0       0       0       0       1       2
      17      25      22      24      30      32      23      23      28      26
      24      26      15      23      28      24      29      28      34      34
      29      29      31      29      20      30      21      18      30      24
      23      19      18      20      28      15      17      16      24      23
      21      30      26      20      29      21      21      19      20      30
      19      13      21      25      22      22      20      17      24      17
      17      21      29      22      19      22      21      26      19      23
      30      32      36      28      24      31      23      23      16      22
      29      20      23      19      16      21      17      21      23      30
      21      30      24      30      32      37      44      39      32      47
      51      44      48      54      50      62      44      52      50      57
     109     111     168     192     283     357     371     511     551     603
     620     656     603     565     541     479     410     369     234     210
     198     169     144     101      87      65      54      46      48      51
      29      30      24      39      25      37      18      30      25      29
      30      31      26      29      22      26      32      33      21      24
      28      26      44      46      37      57      63      67      67      89
      83      89      85      92     100      88      84      69      61      36
      46      38      36      35      28      17      24      22      23      33
      22      26      22      26      20      23      33      23      21      31
      26      32      26      32      19      31      28      23      20      26
      25      20      29      31      40      42      40      35      55      49
      48      67      79      69      76      90      77      81      78      55
      59      62      53      43      23      35      35      34      35      23
      30      31      29      44      30      30      24      29      28      32
      39      40      36      46      48      51      58      60      63      63
      54      54      62      57      53      30      52      48      40      29
      39      25      30      34      33      28      30      33      30      36
      40      31      38      31      33      31      30      46      38      40
      29      32      32      32      24      46      35      52      25      44
      45      23      24      38      21      32      34      30      25      44
      42      42      30      35      35      36      45      34      41      42
      33      42      55      54      64      68      63     101     105     133
     144     223     268     330     396     512     573     707     767     904
     844     938     911     887     834     851     796     675     619     613
     513     460     428     424     379     320     269     286     225     209
     166     154     151     120     128     135     122     133     127     153
     170     199     185     182     190     199     193     205     196     194
     211     217     195     275     271     378     409     494     667     951
    1208    1535    1966    2748    3111    3980    4447    5244    5828    6379
    6427    6927    6645    6559    5781    5426    4492    4122    3189    2677
    2040    1665    1199     880     606     488     339     277     232     238
     246     366     474     630     788    1089    1355    1721    2014    2507
    2887    3423    3510    4011    4209    4463    4136    4233    4097    3963
    3435    3228    2907    2634    2226    1968    1681    1505    1191    1141
     939     838     638     600     517     523     503     580     553     648
     681     778     847     984    1057    1138    1111    1114    1142    1032
    1001     924     791     758     614     541     390     335     287     253
     203     196     150     173     109     132     153     136     164     199
     185     220     233     318     326     352     392     502     497     584
     552     619     596     571     507     498     457     420     333     292
     235     228     198     172     161     148     169     180     169     207
     214     253     262     268     305     335     324     354     287     357
     297     315     281     256     234     205     198     168     162     155
     135     139     106     101     114      94      97      82      99      79
      85      68      57      67      57      55      49      69      64      49
      44      59      38      61      52      57      52      49      57      47
      53      76      54      64      72      48      45      57      73      67
      58      62      69      63      71      56      70      68      71      62
      65      82      55      71      69      61      78      65      77      73
      92      67      69      77      76      76      72      94      75      82
      84     101      83      68      88      87      77      89     101      75
      61      78      93      96      73      79      74      85      86      83
      90      86      87      86      82     101     109      89      88     112
      93     103     108     112      83      91     110      93      95     117
     121      94      88      91      82     105     107     107      89      99
      92     104      91     111      73      92      92     103      77      76
     101      96      81      91      86      85      79      85      88      98
      81      74      93      86      81      92      77      77      75      94
      96      97      83      87      81      97      82      85      88      91
      97      94      92      91     111     110     108      95     101     112
     102     104      95     102     110      96     109     100     120     116
     104     104     131     106     103     114     115     120     113     119
     133     120      99     120     110      88     109      88     116     107
     112     109     103     117      95     105     106     102      93      96
     118     104      95     118     119     100     103     112     104     107
     102     104     113     113     118     121     104     118     140     106
     148     137     147     154     159     150     150     157     156     163
     145     151     144     128     157     151     127     110     123     115
      99     114     110      95      98     108      95      92      93      85
      96      90      95      77      96     102      94      87      93      98
      90      99      74      87      99     100      84      97      95      89
     105      91     102     101      96     114      92     120     101     109
     127     138     133     148     151     137     126     146     139     140
     154     150     125     128     138     103     120     119     112     118
     111     119     119     105     107     129      86     103     106     105
      93     106     115      99      85     122     108     120     104     109
     115     117     106      95      98     102      88     108     119     116
     105     109     109      92      89     105     120      88     104     114
     107      89      97     116     105     119      90     105     103     112
      76     101     103      97     115     112      95      92     104     100
      95      95     103      96      96     106      72     100      88     105
      89     102      81     107      93     108      99      96      95     109
      96     111      94     109      93      99      94     103      86      84
      90      93     102      96      94     105     103     104      94      82
      77      98      90      94     105     110     100      90     103      95
      91     106      93      91     104      99      91      99      85      97
      96      92      95      99      99      91      85     101     112     103
      88      88      98     107     104     104      99     109      97     115
      86     116      98      97      85     102      77      90      97     104
     110      98      77      92      99      91      91      96      79      90
      82     108      77     108      86      82      94      98      82     102
      94     103      90      88      90      86     106     100      74      95
     102      77      85     103      78      87      91      79     106      96
      87     103      84      90      93      92      74      98      74      87
     100      77      94      70      78      88      96     102      96     102
      65     105      97      93      74      75      93      96      89      84
     109      79      78      92      87      99      87      75      84      98
     107      79      87      82      77      97      92     110      84      93
     118      90      79      97      85      96      97      93      84     108
      88      98      76     110      79     116      88      89      92     101
      96     122     105     113     107     116     113     121      81     108
     110     103     104     111     102     111     109     122     113     126
     126     141     130     132     135     154     151     195     190     231
     244     352     439     483     622     705     960    1144    1444    1781
    2192    2602    2997    3543    4304    4920    5238    6385    7062    8053
    8252    9130    9813   10356   10343   10992   11258   11478   10968   11045
   10806   10620    9582    9400    8732    8260    7219    6703    5936    5208
    4380    3879    3352    2872    2261    2001    1611    1274    1067     803
     631     543     404     349     263     230     166     142     135     139
     107     118     126     102     103      93      91     102      92      91
      93     104      76      88      86      99      77      93      97      78
      87      94      82      90      73      74      86     100      75     107
      83     102      87      87      86      85      85     102      82      87
     103      97     103      90      92      96      85     101      83     105
      74      81      95      98      96      87      87      97      94      79
      95      93     105     102      97      64     108      92     118     128
     111     101     108     107     110     120     117     130     116     147
     137     156     175     223     233     228     295     330     376     457
     515     595     656     774     891     967    1100    1223    1199    1370
    1305    1504    1587    1665    1594    1693    1816    1795    1604    1679
    1668    1608    1450    1500    1328    1259    1163    1062     995     866
     725     708     637     560     501     475     418     419     319     340
     272     234     208     198     192     171     156     125     138     128
     110     109     111      96      78      65      69      68      69      72
      76      78      82      71      71      86      73      62      81      63
      58      72      69      71      50      71      56      86      66      64
      76      69      74      57      71      65      50      67      74      67
      63      67      66      60      72      76      59      86      70      66
      49      76      52      63      59      71      62      54      74      70
      51      65      70      64      57      49      61      44      67      56
      62      67      52      59      56      53      60      69      66      59
      53      57      52      50      52      58      69      64      58      60
      71      62      62      69      65      68      64      60      56      60
      67      39      65      59      64      61      76      76      50      61
      50      63      66      58      56      61      61      49      52      64
      51      56      71      66      82      71      58      65      57      50
      57      56      49      66      69      68      57      60      61      64
      62      67      50      62      56      57      45      52      63      54
      50      53      53      55      66      50      70      52      61      68
      49      77      71      51      66      70      44      55      60      48
      77      59      54      49      75      65      46      54      56      49
      49      56      53      62      51      48      58      64      63      55
      59      58      65      59      50      49      55      58      58      59
      50      57      59      57      58      59      41      54      57      63
      44      66      54      60      57      55      45      53      57      45
      37      50      48      48      52      59      39      51      32      59
      33      57      50      58      44      68      53      50      62      62
      54      69      54      75      43      60      48      54      55      50
      50      49      43      59      61      63      48      44      68      57
      69      54      66      65      59      63      56      55      43      48
      65      59      45      52      64      59      50      55      64      68
      62      60      45      54      56      57      71      60      49      57
      59      60      44      63      59      48      62      67      50      61
      49      42      58      45      58      64      59      47      49      58
      59      49      41      52      49      51      46      41      50      43
      62      46      55      49      44      61      61      43      57      54
      49      50      39      41      51      47      41      52      45      48
      51      65      59      74      41      57      55      53      49      44
      43      48      50      40      45      44      48      43      52      45
      42      53      66      45      47      45      55      54      52      60
      47      55      53      56      43      45      34      44      49      52
      58      44      57      43      47      63      54      46      58      62
      48      47      41      42      45      51      50      39      54      53
      51      41      54      53      53      45      53      59      48      50
      52      59      50      55      45      57      54      51      71      45
      45      57      62      52      37      41      45      65      46      47
      58      52      57      45      53      47      43      64      58      57
      47      45      68      47      47      44      60      53      39      55
      58      50      62      45      68      33      55      52      58      54
      42      50      70      62      37      50      55      58      66      69
      69      59      59      57      50      71      61      52      64      72
      69      50      69      66      60      58      82      79      61      66
      64      82      75      72      67      76      71      74      91      75
      67     102      62     102      88      73      88      77      88      83
     105      98      89      99      99     101     108     110     129     154
     133     137     133     171     137     150     155     171     160     185
     179     202     195     195     203     213     201     243     233     235
     246     230     271     307     269     293     289     291     280     273
     328     299     282     314     324     326     274     315     309     330
     300     335     308     293     289     298     308     284     289     264
     299     278     270     247     247     247     244     222     244     229
     218     216     213     201     213     186     157     183     177     155
     159     167     121     123     138     112     142     122     107     115
     113      93     106     106     111      90      92     101      72      78
      87      92      95      77      81      74      74      87      74      63
      71      68      70      85      83      76      84      88      94     105
     102     133     119     103     105     157     143     125     180     163
     140     168     183     168     199     174     231     210     160     182
     196     180     179     193     189     190     177     159     161     170
     157     156     138     139     139      84     107     123      99      79
      97      64      74      65      81      77      60   33475
