$Informacoes da Fluorescencia de Raios-X:
"Sample    : yf3_34689_8p",                                                               
"Operator  : americo",                                                                    
"Comment  : yf3_49.5micromatter",                                                         
"Group     : kerr2007ag180cal_lt",                                                        
"Date       : 2018-04-03 10:32:31",                                                       
"",                                                                                       
"Mesurement Condition",                                                                   
"------------------------------------------------------------------------------------",   
"Instrument : 700HS2   Atmosphere : Vac.   Collimator : 10(mm)   Spin : No",              
"------------------------------------------------------------------------------------",   
"Analyte               TG kV   uA      FI Acq.(keV)  Anal.(keV)  Time(sec)     DT(%)",    
"------------------------------------------------------------------------------------",   
"Na                    Rh 50  393-Auto Al  0 - 20    0.8 - 1.2   Live -  179   15",       
"Channel_info_start",                                                                     
"Channel : Na",                                                                           
"Points : 2048
"Range : 0.000000 - 20.480000",                                                           
"Step : 0.010000",                                                                        
"Channel_info_end",                                                                       
$DATA:
       0    2047
       0       0       0       0       0       0       0       0       0    2048
       0       0       0       0       0       0       0       0       0       0
       0       0       0       0       0       0       0       0       0       0
       0       0       0       0       0       0       1       0       1       2
      25      50      47      38      32      51      33      32      26      34
      25      34      29      30      38      41      37      34      25      38
      40      46      41      40      35      38      38      33      31      52
      37      32      32      47      33      36      54      43      32      51
      32      42      33      45      27      51      34      40      33      40
      41      41      31      40      42      35      35      43      33      24
      29      37      34      33      26      30      25      33      27      34
      18      23      29      22      32      30      26      31      26      29
      30      32      37      34      29      34      27      44      41      44
      39      48      32      47      44      37      35      39      28      32
      40      30      46      33      40      43      29      42      42      43
      56      50      56      64      42      53      81      95     134     137
     184     216     233     269     282     296     274     305     292     318
     259     239     199     213     198     224     195     192     204     219
     204     202     239     228     257     224     249     220     239     245
     247     254     267     276     390     475     528     738     888    1141
    1261    1557    1601    1808    1761    1855    1766    1863    1649    1522
    1399    1300    1201    1148     982     957     720     683     500     429
     336     325     242     207     137     127     108     105      76      68
      50      49      35      38      32      33      25      26      27      41
      24      35      27      34      36      36      36      40      44      34
      29      25      28      33      24      16      18      14      18      23
      22      15      17      13      14      16      13      14      15      12
      13      20      13      19      18      18      16      18      21      29
      11      26      17      24      21      19      20      28      18      21
      16      18      17      22      26       9      17      16      15      14
      23      19      16      21      25      27      16      15      17      18
      18      19      11      13      10      19      17      15      11      15
      14      15      17      29      14      16      12      21      13      15
      20      16      17      13      16      21      13      12      21      28
      11      22      19      25      27      13      14      12      19      16
      25      20      20      21      17      20      19      26      20      25
      18      22      30      33      30      41      51      67      86     104
     146     202     217     351     438     556     613     726     772     891
     867     939     926     910     820     709     610     573     437     362
     279     247     151     129      99      85      60      63      58      63
      47      46      45      61      60      77      74      93     104     125
     109     126     161     120     140     135     120     145     122      89
      99      73      82      64      44      52      34      44      32      34
      41      40      27      33      37      29      30      38      36      39
      42      43      35      33      41      34      42      49      54      48
      49      61      54      52      54      49      70      49      61      52
      65      55      61      72      64      61      52      66      57      57
      76      47      59      54      53      46      41      45      51      54
      49      54      49      39      43      45      49      44      39      40
      46      41      48      38      43      42      36      33      46      38
      47      41      42      34      39      46      35      48      35      37
      50      53      47      39      39      59      37      48      47      46
      45      48      42      45      49      56      40      41      35      50
      52      35      44      40      35      51      59      59      39      51
      43      43      54      55      58      49      49      47      46      61
      50      61      71      57      67      60      68      53      55      56
      57      51      54      54      55      51      59      44      46      75
      58      59      59      53      62      64      58      54      59      62
      76      47      68      62      66      72      74      65      68      53
      62      68      68      74      54      53      62      58      68      70
      49      70      84      55      64      76      81      55      63      71
      60      74      68      76      68      73      69      73      72      77
      88      73      64      83      71      79      96      85      66      82
      90      75      67      94      83      76      76      70      78      91
      90     109     101      94      94      94     102     105      88     124
     103     107     128     124     119     119     112     140     122     141
     127     142     141     148     137     158     166     161     155     161
     136     147     148     139     149     114     147     113     113     123
      99     123     117     112     100     102      87      98      89      87
     109     118      90     102     110      85      86      99      85      89
     100     106     121     101      86      80     122      98      96     102
      96     119      83      85     116     135      98     110     115      96
      95     107     106     115     102     114     113     103      94     115
      95     119     114     131     143     122     146     173     170     231
     277     325     348     444     507     574     679     829     866     997
    1143    1200    1224    1307    1371    1389    1405    1354    1317    1225
    1157    1075     883     880     739     635     540     468     392     343
     248     232     200     205     152     147     126     125     122     126
     112     108     102     112     100     121     107     114      94     132
     119     107      97      99     100     114      98     124     109     111
     112     138     114     128     114     129     127     117     138     128
     148     176     167     157     182     201     170     228     234     201
     226     207     218     255     246     237     250     233     225     231
     238     232     231     226     245     237     228     248     230     290
     305     315     345     407     399     504     500     627     572     740
     697     815     792     837     813     818     751     798     780     782
     706     672     609     629     525     518     469     425     392     356
     341     354     296     291     318     317     282     299     300     297
     279     321     288     325     299     308     318     339     311     358
     343     378     300     312     315     293     266     246     224     226
     216     179     155     162     165     144     122     151     128     123
     101     120      99     113      98     121      92     100      97      97
      89     101      97     115     102      82      92     108      84     108
      86      99     102     107     108     122     110     118     119     115
     124     147     126     133     128     147     148     127     149     147
     117     155     128     156     155     132     129     130     139     135
     130     126     125     108     109     112     107     125     100     115
     132     104     114     121     110     128     120     127     146     138
     146     156     164     165     173     201     183     203     182     209
     202     242     189     214     205     186     195     216     199     219
     147     172     148     149     141     153     128     125     121     104
     126     107     106     104     110     113     111      98     112     125
     124     133     141     142     133     138      98     133     116     140
     134     126     137     137     124     110     114      97      99     133
      97     104      89     102      89      72      82     103      74      99
      91      98      97      93      69     103      73     101      99     103
      85     106      88      89      91      81     103      89      76      96
      87      90      74      79      84      86     101      96      79      65
      80      82      86      94      81      92      75      94      86      82
      82      86      77      90      96      81      75      84      88      99
      92      98      95     108     102     103      83     119      93      88
     107      87      98      98     111     107      89      94     103     124
     113     147     145     154     159     164     185     213     197     231
     251     273     261     289     299     302     289     310     318     311
     315     291     252     271     257     226     199     193     184     193
     163     121     159     120     101     114     106      87      99      84
     102      95      81      84      88      85      91      98      70      92
      80      83      73      80      91      87      78      78      74      95
      74      90      84      68      81      73      73      70      79     102
      70      79      84      67      77      57      72      78      82      92
      74      71      75      91      74      87      75      77      79      71
      86      76      83      71      80      78      72      75      73      85
      86      82      78      76      87      89      86      78      84      63
      78      97      91      87      81      87      72      74      94      77
      73      66      74      79      68      84      75      79      80      82
      80      91      88     107      92      98     102      94     106     109
      92     100     113     114     135      93      98     110     115     121
     110     120     104      88      98      89      76      88      76      89
      78      77      91      83      72      63      62      92      84      73
      73      85      60      74      71      62      68      90      80      65
      68      70      65      57      59      83      64      54      82      61
      73      65      72      75      74      84      79      67      82      85
      71      83      59      64      80      69      88      75      74      80
      95      82      84      73      85      72      84      71      69      80
      79      86      64      76      69      79      73      70      76      79
      73      83      73      75      66      70      69      81      76      73
      52      77      71      65      57      73      75      86      61      78
      70      70      68      78      69      56      79      81      69      62
      60      73      68      64      64      88      82      85      57      79
      60      82      69      63      68      84      74      87      63      74
      63      86      92      75      83      69      64      68      67      61
      75      68      69      80      81      72      50      92      80      85
      64      87      70      90      76      80      90      83      79      79
      95      81      80      66      77      84      89      84      79      81
      88      77      90      81      87      83      95      94      97      80
      87      93      75      81      67      90      91      81      86      93
      97      96      87      93      93      88      93     101      86     120
     113     119     120     115     139     149     156     204     216     239
     300     356     442     564     603     845    1018    1168    1435    1705
    2093    2446    2745    3259    3723    4330    4653    5612    6156    6706
    7388    8139    8673    9466    9813   10402   11316   11745   11397   12191
   12449   12661   12044   11903   12741   12108   11170   11058   10360    9957
    9066    8462    7887    7191    6337    5730    5056    4611    3937    3470
    3001    2538    2110    1762    1472    1201    1009     832     694     516
     408     360     298     252     187     175     154     124     128     102
     118     100     102      79      74      95      71      81      74      76
      66      69      82      86      58      58      67      79      65      86
      72      72      75      66      66      67      68      76      58      85
      75      60      74      66      62      64      63      72      84      64
      69      63      88      79      65      56      79      67      57      64
      66      69      61      74      72      47      71      67      72      65
      63      50      57      73      65      69      78      91      60      62
      60      65      76      76      61      64      62      64      66      75
      83      77      71      70      66      64      85      76      79      78
      65      78      86      71      80      80      73      75      83      94
      94      81      84      89      93      88      83      97     100     107
     120      93     120     138     127     162     234     218     249     284
     341     379     431     500     589     701     718     865     975    1098
    1081    1222    1384    1564    1506    1598    1758    1999    1768    1936
    1979    1921    1926    1999    1971    2006    1912    1809    1808    1771
    1544    1601    1502    1386    1252    1137    1146    1085     893     901
     820     784     601     671     584     583     482     497     439     449
     386     442     402     380     346     328     321     322     261     259
     254     264     222     192     189     163     183     160     139     139
     118     112      82      77      83      71      59      77      61      55
      69      57      57      63      73      66      49      50      58      60
      38      51      47      36      44      49      46      53      46      44
      50      50      55      46      36      46      44      53      53      48
      51      43      45      42      55      49      51      43      54      52
      57      49      49      44      53      47      45      42      55      48
      47      32      64      49      56      42      52      50      52      39
      59      45      39      56      56      56      39      49      45      58
      46      48      53      42      48      62      46      62      33      57
      55      45      43      45      68      46      46      61      60      50
      54      52      54      50      49      52      60      42      62      51
      54      60      46      63      51      58      48      50      57      74
      57      62      72      70      53      69      82      61      79      57
      62      73      73      73      86      83      71      76      78      92
      84      85      85      85      76      92      87     108      96      85
      85     100     113     105     132     118     132     137     124     127
     131     128     138     162     185     136     180     180     161     184
     210     199     197     226     203     218     248     238     257     259
     228     279     288     293     298     293     301     324     270     307
     365     311     310     315     328     348     350     325     331     335
     290     350     319     330     318     296     342     315     276     301
     314     272     275     270     289     288     255     267     252     240
     189     213     201     231     210     190     173     195     159     186
     148     162     167     167     131     130     138     144     110     116
     115     100     106      94      98      98      75     113      81      73
      75      84      78      71      95      66      78      56      76      61
      53      68      67      74      82      82      65      72     112     102
      96      86      91     102      95     110      99     112     130     139
     158     127     144     158     165     152     147     161     167     152
     166     158     138     154     155     168     157     163     155     152
     138     142     123     148     110     105      91     107      85      81
      89      82      60      66      73      59      44   25075
