$Informacoes da Fluorescencia de Raios-X:
"Sample    : znte34683_8p",                                                               
"Operator  : americo",                                                                    
"Comment  : znte_49.1micromatter",                                                        
"Group     : kerr2007ag180cal_lt",                                                        
"Date       : 2018-04-03 09:57:17",                                                       
"",                                                                                       
"Mesurement Condition",                                                                   
"------------------------------------------------------------------------------------",   
"Instrument : 700HS2   Atmosphere : Vac.   Collimator : 10(mm)   Spin : No",              
"------------------------------------------------------------------------------------",   
"Analyte               TG kV   uA      FI Acq.(keV)  Anal.(keV)  Time(sec)     DT(%)",    
"------------------------------------------------------------------------------------",   
"Na                    Rh 50  393-Auto Al  0 - 20    0.8 - 1.2   Live -  180   15",       
"Channel_info_start",                                                                     
"Channel : Na",                                                                           
"Points : 2048
"Range : 0.000000 - 20.480000",                                                           
"Step : 0.010000",                                                                        
"Channel_info_end",                                                                       
$DATA:
       0    2047
       0       0       0       0       0       0       0       0       0    2048
       0       0       0       0       0       0       0       0       0       0
       0       0       0       0       0       0       0       0       0       0
       0       0       0       0       0       0       0       0       0       2
      13      21      27      26      35      22      26      29      18      29
      23      19      38      18      19      34      25      15      25      28
      22      25      33      29      31      25      24      20      26      31
      26      29      30      32      21      35      23      21      22      31
      25      28      29      33      19      20      33      31      16      30
      30      33      29      35      32      37      50      40      35      50
      33      42      44      36      45      78      66     105     114     174
     169     196     214     253     246     208     207     164     165     150
     100     105      67      67      66      41      28      37      33      30
      23      30      25      16      18      23      27      27      14      14
      25      20      21      31      25      21      28      19      28      26
      25      34      28      31      21      33      23      26      37      27
      27      32      23      21      29      27      19      13      28      29
      34      29      27      43      36      32      28      32      22      31
      24      36      42      32      32      29      25      30      35      36
      33      46      27      39      28      36      27      30      38      39
      34      34      47      63      59      65      92     102     106     138
     150     158     153     177     148     176     136     129      86      78
      68      55      42      53      29      40      34      35      39      31
      33      33      35      35      53      49      57      48      51      70
      65      76      64      80      62      72      53      48      40      51
      44      48      40      21      25      40      27      32      26      30
      29      36      31      42      34      34      39      43      36      38
      33      32      21      38      28      36      32      46      32      32
      39      33      30      41      24      35      34      27      28      39
      34      39      30      27      37      34      28      45      39      33
      33      37      26      41      46      42      33      29      40      35
      32      38      46      38      40      43      37      47      45      42
      34      56      55      58      44      53      61      67      56      61
      56      58      72      79      78      90     104     139     141     163
     197     242     237     284     291     344     306     315     276     259
     222     231     172     186     158     154     125     111     119     102
     112     131     108     125     133     157     194     221     250     326
     312     421     488     630     689     938    1008    1402    1696    2112
    2574    3292    3717    4469    4950    5775    6099    6489    6578    6899
    6650    6556    5703    5487    4433    3986    2982    2424    1904    1540
    1073     914     692     700     695     873    1019    1327    1589    2120
    2285    2961    3258    3633    3901    4321    4186    4340    4140    4156
    3693    3599    3062    2895    2426    2249    1872    1646    1359    1147
    1007     900     737     661     637     706     633     695     757     812
     863     917     899    1003     867     895     755     793     631     559
     566     405     347     301     238     248     195     185     164     197
     206     244     258     339     336     389     410     519     476     495
     485     511     478     468     381     379     299     280     251     197
     160     163     161     124     146     152     145     209     206     269
     244     325     283     332     297     353     340     339     284     282
     234     246     240     172     159     146      85      98      89      90
      79      89      68      73      61      60      41      35      39      43
      48      42      36      44      37      33      47      46      40      40
      43      42      35      39      52      64      44      51      50      47
      56      37      54      52      59      53      60      66      56      46
      50      62      59      69      57      72      55      62      62      69
      59      72      64      56      51      61      59      68      63      61
      50      69      47      62      60      58      54      64      59      52
      58      62      70      63      59      54      63      53      62      58
      69      78      69      51      64      63      80      76      77      64
      62      81      81      88      80      81      71      91      67      89
      81      89      99      70      92      86      62      96      85      80
      76      99     103      99     101      90      90     110      92      97
     100      82     111      99      90      90     102      99      95     103
      81      97     101     108     113     115      98      98      93     115
     107     106     105     118     104     112     122      88     117      97
     104     114     111     100      98     105      86     112      99      95
      94      95     102      96      97     101      87      96     100     107
     105     130     104     100     102     100      86     100     100     127
      99     112     107     111     110     120     104     114      99     126
     120     119     101     119     102     121     115     109     108     107
     115     114     109     109     109      92      98      94     106     109
     103     104      89      94      99     116     113     106     119      88
      98     105     103     112     100     118     116     104     104     101
     110     109     116     114     123     113     103     101     112     110
     112     135     116     125     118     124     112     124     111     136
     113     135     141     113     124     128     111     124     141     101
     107     129      92     124     117     121     102     118     124     116
     115     114      97     105     112     128     118     111     106     125
     121     117     113     100     121     118     128     125     111     129
     122     128     106     140     122     167     128     148     136     142
     154     185     148     155     160     196     175     179     168     181
     179     177     183     175     188     165     161     148     145     152
     124     136     133     144     120     142     101     126     131     106
     127     121     142     121     125     131     136     131     140     185
     162     178     171     227     238     319     400     510     620     896
    1050    1497    1872    2339    2899    3780    4457    5530    6420    7532
    8518    9979   10595   11825   13295   13725   13537   14491   14304   14457
   13403   13413   12415   11910   10086    9313    8285    7452    5934    5214
    4301    3575    2780    2262    1749    1369     994     823     659     456
     352     287     256     219     174     161     147     139     133     135
     154     109     132     131     140     115     139     134     126     147
     123     142     127     121     130     130     132     135     126     119
     118     126     133     113     140     130     137     146     146     141
     125     131     129     164     154     151     155     173     164     172
     169     246     242     252     308     327     402     461     512     649
     755     847     988    1161    1171    1363    1497    1648    1675    1797
    2043    1982    1892    1954    1884    1944    1732    1666    1613    1484
    1235    1218    1016     952     760     665     587     496     420     336
     303     230     194     159     135     136     141     118     121     111
      99      98     104      89      80      89      87      88      94      93
     111     113      97      90      97      67     101      88     117      90
      81     101     106      86      79     104     121      82      88      71
      89      81      73      73      78      99      93      95      85     115
      71      91      90      85      84      81      98      81      95      97
      81      89      89      87      95     100      70      77      92      93
      93     108      70      94      70      84      76      74      84      87
      96      91      84     103     124      86      95      88      84      99
      86     113      91      92      96      69      76      99      79      82
      69      89      86      86     100      89      90      84      82      96
      66      99      92      85      99      98      97     108      78      74
      80      72      80     100      74      84      74      82      90      78
      88      93     110      86      78      93      85      85     100      88
      77      98      76      97      84      74      77     100      87      80
      92      93     110      78      92      78      66      88      92     102
      96      79      78      84      80      78     101      81      81      79
      81      96      97      88      66      85      92      94      97      70
      90      68      88      80      69      81      74      79      74      93
      71      75      86      80      90      72      93      78      82      92
      71      76      76      75      79      82      79      76      77      79
      71      85      91      79      84     104      92      82      73      96
      86      88      75      80      81      86      74      78      69      90
      97      74      65      94      67      79      71      85      91      87
      85      71      74      70      85      78      60      78      97      57
      81      81      88      85      89      84      91     100      75      82
      89      92      82      82      85      87      89      81     102      79
      82      88      81      82      71      81      81      70      76      85
      81      90      78      86      79      96      76      78      75      94
      76      68      75      86      69      73      90      74      76      85
      93      84      81      89      87      77      84      84      80      82
      86      78      80      89      74      75      72      73      84      73
      73      84      73      72      69      67      64      74      67      87
      76      93      84      71      71      70      79      93      54      75
      76      82      82      86      66      91      66      75      86      61
      64      73      86      67      61      64      75      81      84      69
      75      73      65      71      61      65      73      88      74      88
      62      77      74      76      53      63      73      86      66      70
      76      77      61      76      80      71      72      66      54      77
      78      70      61      66      68      66      73      67      59      56
      60      77      60      64      65      64      52      68      69      74
      51      67      75      68      55      63      67      70      67      62
      72      67      57      71      61      59      66      84      69      71
      73      66      57      69      60      67      62      64      74      75
      67      63      55      72      53      60      64      76      52      69
      59      76      69      71      75      58      63      86      58      53
      67      64      57      59      67      79      49      72      68      68
      59      78      82      61      67      65      48      65      84      61
      87      58      69      58      64      52      52      67      73      74
      71      69      76      67      57      62      64      67      87      74
      62      62      67      65      58      59      56      75      61      52
      61      60      61      59      60      48      66      61      55      55
      49      70      62      63      57      64      53      72      52      52
      55      65      66      64      59      47      60      60      58      73
      53      62      51      42      67      68      64      63      46      61
      71      51      60      71      55      61      65      53      54      51
      58      57      60      56      55      57      58      64      59      49
      59      57      56      60      46      61      69      60      46      55
      55      63      55      81      59      50      49      62      61      55
      58      50      59      60      48      72      40      63      47      60
      72      48      58      48      69      53      64      58      64      64
      64      56      66      58      44      51      59      49      56      65
      64      53      52      57      65      52      52      68      59      46
      51      44      64      61      51      45      75      51      46      72
      50      61      53      64      62      65      44      58      50      54
      60      67      51      65      62      68      68      58      59      52
      52      53      53      49      45      47      59      50      54      64
      47      58      45      48      60      55      51      45      54      48
      63      53      66      56      51      63      54      51      49      53
      63      52      58      54      50      57      61      49      60      54
      56      50      46      52      40      50      48      50      52      53
      56      52      56      43      62      48      45      60      57      49
      55      49      54      60      57      61      67      46      58      44
      35      46      62      53      45      58      70      43      48      59
      58      46      50      63      54      54      66      67      79      54
      54      67      62      72      61      63      62      51      64      46
      56      86      71      58      54      72      62      57      46      68
      47      64      52      62      47      42      46      55      44      46
      44      42      40      46      45      50      52      48      53      67
      53      62      54      46      52      53      67      58      53      60
      56      69      51      53      43      60      55      61      49      49
      50      56      68      62      58      49      52      43      61      60
      49      47      45      57      47      56      59      50      53      50
      47      51      62      58      58      68      57      48      65      66
      61      54      48      39      60      49      61      71      57      65
      59      53      68      53      55      50      48      82      51      57
      81      68      58      59      64      58      56      58      73      69
      73      66      75      49      72      54      80      55      78      65
      72      79      76      69      87      82      76      66      66      91
      73      84      79      80      68      90      94      91      97      90
     114      90      89     114     121     110     105     122     126     143
     133     142     153     148     161     146     177     177     164     154
     214     218     199     220     195     250     217     252     242     277
     258     269     282     308     296     293     280     306     293     269
     361     312     321     315     352     347     311     327     325     340
     310     331     331     324     318     326     302     286     315     333
     309     297     260     268     284     295     264     255     244     233
     217     251     229     220     222     231     191     191     167     156
     166     154     154     133     153     133     162     138     130     116
      99     118     124      91      91      97      92      98      89      73
     103      86      73      76      76      85      73      73      87      78
      82      98      68      94      86     105     100      99     100     100
     120     125     116     118     136     157     142     161     190     153
     159     170     199     189     182     186     206     210     186     182
     205     185     196     212     215     183     163     152     147     181
     176     150     149     126     133     118     116     107      85      86
     102      82      81      72      70      61      58   50405
