$Informacoes da Fluorescencia de Raios-X:
"Sample    : sn_34695_8p",                                                                
"Operator  : americo",                                                                    
"Comment  : sn_47.8micromatter",                                                          
"Group     : kerr2007ag180cal_lt",                                                        
"Date       : 2018-04-03 11:04:54",                                                       
"",                                                                                       
"Mesurement Condition",                                                                   
"------------------------------------------------------------------------------------",   
"Instrument : 700HS2   Atmosphere : Vac.   Collimator : 10(mm)   Spin : No",              
"------------------------------------------------------------------------------------",   
"Analyte               TG kV   uA      FI Acq.(keV)  Anal.(keV)  Time(sec)     DT(%)",    
"------------------------------------------------------------------------------------",   
"Na                    Rh 50  596-Auto Al  0 - 20    0.8 - 1.2   Live -  179   15",       
"Channel_info_start",                                                                     
"Channel : Na",                                                                           
"Points : 2048
"Range : 0.000000 - 20.480000",                                                           
"Step : 0.010000",                                                                        
"Channel_info_end",                                                                       
$DATA:
       0    2047
       0       0       0       0       0       0       0       0       0    2048
       0       0       0       0       0       0       0       0       0       0
       0       0       0       0       0       0       0       0       0       0
       0       0       0       0       0       0       0       0       0       7
      28      55      55      38      57      27      54      42      53      45
      45      55      42      39      44      46      36      39      39      49
      47      58      49      41      42      49      29      40      42      41
      43      52      35      46      44      56      43      47      46      35
      34      47      34      54      52      36      39      44      40      54
      43      49      49      38      46      35      31      23      41      60
      45      51      42      39      37      52      34      51      60      49
      60      46      38      46      42      49      57      46      40      58
      49      62      36      29      46      41      39      30      47      43
      46      37      46      46      51      63      55      64      50      58
      55      66      62      66      55      61      49      54      54      53
      58      54      56      52      53      46      62      33      61      50
      60      62      65      65      59      59      62      59      62      62
      60      77      77     128     120     126     127     166     183     207
     223     228     198     199     179     178     157     125     111     104
     104      86      88      83      79      79      79     112     109     133
     133     156     156     194     172     184     194     192     210     205
     232     221     171     216     174     157     159     148     130     113
      89      88      66     111      75      95      87      84      67      79
      75      77      65      86      78      70      55      58      64      49
      58      53      46      74      56      52      64      62      54      82
      58      53      56      66      51      45      56      61      57      63
      48      71      60      46      75      60      61      60      49      67
      79      73      62      81      73      74      85      93      89     105
      92     114     107      98     120     110      95      98      96     105
      85     102      94     108     103     126      94     112     103     127
     107     129     110     143     153     180     203     248     263     279
     336     398     445     516     536     632     578     602     595     585
     543     524     456     442     348     323     256     283     270     266
     250     287     268     306     329     317     364     404     432     493
     491     590     735     930    1197    1656    2137    2896    3637    4978
    6018    7434    8428   10282   10988   12064   11662   12283   11498   11474
    9960    8973    7553    6399    4895    4027    3394    2899    2447    2542
    2711    3346    3709    4681    5406    6490    6798    8153    8245    8733
    8605    9040    8439    8311    7274    6972    6045    5328    4558    4059
    3352    3038    2358    2172    1851    1702    1467    1536    1496    1592
    1565    1705    1659    1773    1707    1657    1541    1404    1236    1238
    1047     942     809     736     672     625     562     589     626     614
     627     697     773     837     838     870     779     816     765     744
     622     566     506     454     353     288     248     223     222     258
     256     285     302     354     403     468     479     557     528     586
     583     589     513     500     480     407     365     327     286     258
     212     182     153     146     137     132     116      84      88      83
      85      93      87      84      83      94      73      96      78      64
      63      76      70      73      64      56      76      65      62      67
      70      67      64      75      60      64      56      55      66      51
      66      62      78      82      70      59      64      71      85      79
      76      88      89     114     100     117     100     127     138     129
     148     137     139     165     137     158     163     177     152     149
     174     158     149     160     146     148     148     177     125     126
     107     127     133     127     131     132     109     107     117     100
     107      99     102     126     104     111     106      91     102     111
      62      94      94     103      66      93      77      81      79      71
     100      98      65      75      88      98      78      79      80      73
      99      95      89      85      76     104      85      86      72      87
      88      99      99     109      90      92      79      93     102     106
     106      95     107     109     117     114     112     135     107     106
      99     117     105     107     106      99     116     102     112     115
     108     109     124     124     105     125     120     121     126     120
     117     107     118     110     115     124     106     107     126     135
     117     141     134     119     122     140     134     119     152     151
     127     142     131     152     130     152     140     151     155     164
     116     155     137     146     143     129     158     130     129     143
     133     137     136     140     147     135     120     139     128     142
     126     141     130     130     128     135     132     150     146     144
     157     154     140     149     148     170     148     162     113     125
     133     153     134     179     135     153     123     150     141     156
     156     158     153     152     149     180     140     145     152     155
     145     158     152     163     160     146     159     150     155     175
     164     149     162     139     154     167     159     153     159     146
     158     169     158     163     147     174     164     183     147     166
     165     166     141     159     160     182     165     163     143     175
     164     182     154     193     166     179     167     193     208     176
     201     230     201     200     202     227     165     191     197     196
     202     223     221     218     170     210     213     188     215     201
     214     240     197     261     209     208     223     236     237     257
     215     222     246     246     218     227     213     242     219     243
     256     277     288     295     317     269     278     293     317     310
     279     294     286     316     264     255     252     235     214     229
     201     217     188     204     209     186     196     179     175     190
     171     155     168     180     172     156     166     169     152     178
     184     160     168     176     140     198     158     180     162     191
     184     186     206     143     164     195     214     200     202     220
     220     205     229     212     241     231     244     212     229     244
     239     268     235     227     225     216     210     209     212     192
     208     183     154     149     175     165     167     176     184     186
     136     173     163     148     164     167     163     171     173     171
     139     150     143     176     159     142     144     174     170     141
     153     149     167     165     143     154     140     154     145     134
     162     126     152     158     151     155     140     121     140     136
     132     148     150     163     150     151     140     144     150     158
     133     156     134     140     148     150     146     142     138     143
     137     145     163     160     138     139     137     176     149     163
     182     155     152     156     156     157     139     152     188     156
     132     166     154     154     142     176     144     173     131     135
     158     162     143     155     142     169     151     146     173     156
     141     149     184     141     153     160     146     151     155     160
     158     157     140     134     142     186     147     128     149     168
     166     154     149     156     131     169     143     140     144     150
     158     170     180     162     164     153     149     153     149     173
     159     152     177     168     157     142     170     155     129     173
     155     179     177     155     146     160     158     164     176     152
     165     169     168     171     180     152     170     170     143     167
     169     159     154     155     138     168     142     156     158     191
     140     144     129     163     142     141     163     156     155     178
     148     183     162     171     159     191     140     154     157     150
     158     171     185     168     165     148     140     170     144     155
     164     179     174     132     158     157     148     126     147     157
     138     146     128     149     160     152     123     165     140     148
     149     142     145     135     142     151     168     159     156     149
     141     145     159     142     163     132     129     152     169     142
     131     150     122     150     131     145     133     140     142     135
     114     137     141     136     124     144     122     137     145     132
     118     152     121     118     135     145     118     125     135     142
     136     138     155     136     116     132     129     123     127     121
     125     148     148     129     142     140     125     125     130     127
     125     131     122     147     116     113     144     135     136     174
     114     139     139     146     118     137     131     127     139     137
     138     121     125     146     145     144     139     118     144     129
     119     122     123     126     128     121     133     111     121     132
     132     119     142     151     139     130     143     129     134     116
     128     122     115     138     125     140     127     122     137     136
     129     105     142     120     115     130     117     130     127     145
     154     123     100     122     122     121     122     110     123     133
     123     121     136     138     119     135     135     131     125     149
     130     143     129     115     127     112     105     139     104     130
     119     133     124     130     141     152     132     131     129     110
     143     134     122     143     138     131     111     123     119     124
     137     139     127     108     130     134     135     135     137     143
     117     141     121     127     131     129     122     126     120     131
     111     127     133     124     128     118     125     112     125     133
     129     136     133     131     119     144     114     136     115     131
     120     104     117     133     121     119     113     127     104     106
     121     128     134      99     132     142     140     123     112     114
     110     106     128     111     116     125     109     109     119     117
     113     111     103     115     118     119     116     130     131     124
     125     129     110     112     107     108     124     124     126      98
     116     127      89     113     109     119     113     104     101     109
     109     116     122     113     100     113      96     127     121     108
     111     110     100     107     124     129     100     121     112      85
     115     110     120      94      87      87     101     112     104      95
     108     132      83     116     104     109     108     113     115     104
     110     116     104     109     109     124     108     102     109      98
      85      87      87     108     112     112      96     122      88     103
      89      99      99     111     101      98     115     104     102     103
      93     102      92     105     102     118      90     121     110     108
     102     104     103      94     109     105     108      99     101     109
      98      84      93      91      82     112      92      95     106     107
      98      91     106      86      91      88      90     101      86      96
     117     103      91      93      96     106      71      82      94      93
     112      70      85      88     118     101     118     111     112     100
      98      92     106     107      89      92     120     109     107      92
     128     109     101      93      89      91      92     111      88     116
     101     110     108     110     107      96      90      87     108     112
      82      79      96      85     104      98      89     109     107     121
     112     124     108      91      91      78      96     102     105      89
      89      92      90      83      89     101      91      86      68      76
      98     105      84      91      91      87      70      90      90     107
      87      84      82      93     100      93      92      89      91      75
      95     119      91     109      85     114      92      84      86     114
      73      87      84     102      87      84      78      91      86     107
      88      82      71      76      84     109      84      78      90     108
      84      92      91      80      89      61      93     100      69      77
      84      86      65     109      89      71      80      87     101      83
      86      96     101      84      85      80      95     103      95      85
      73      91      90      76      84     102      85      75      89      71
      77     102      79      76      86      71      92     109      83      79
      98      76      93      79      71      93      86      99      89      91
      72      98      79      89      93      98      83      88      82      90
      83      82      79      99      63      87      96      83     104      82
      90      73      87     100      87      66      86      89      84      84
      73      78      89      90      87      81      73      94      88      86
      98      89      94      95      88      82      96      88      67      79
      85      90      77      94      65      81      86      65      86      80
      69      88      83      75      82      66      91      87      76      71
      83     103      91      85      85      81      80     107     100      85
      82      92      95      99      96     102     101      79      72      87
      91      83      95      90      98      80      76     112      92      91
      89      81      82      78      82     100      85      79      85     100
      89      87      89      77      95     102     108      91     107      99
      92      72     119      86      87      94     103      92     105      82
      80     106      89     110     103      94     101      87     100     103
     114     100      95     109      89     114     102     110     108     106
     122     134     117     109     103     130      90     129     142     135
     122     140     138     144     131     175     121     158     162     154
     157     151     175     183     186     200     192     180     214     196
     236     256     245     251     247     258     295     296     238     296
     328     328     320     368     377     342     366     351     388     411
     414     426     460     456     454     454     454     489     475     458
     560     510     513     519     487     499     526     536     518     540
     535     516     516     540     519     515     530     546     503     456
     444     526     464     483     446     443     408     401     425     397
     380     370     400     350     304     314     307     303     289     271
     275     264     245     243     233     250     215     194     208     210
     175     168     178     179     165     141     152     146     135     139
     149     142     149     151     132     124     120     123     134     136
     119     149     111     129     150     150     138     134     158     193
     221     180     171     199     227     239     244     296     254     252
     254     260     291     311     288     315     336     352     304     322
     375     332     344     360     296     346     282     306     281     252
     292     244     261     228     224     201     171     156     144     142
     142     138     155     132     110      85     113  136133
