$Informacoes da Fluorescencia de Raios-X:
"Sample    : sb_34696_8p",                                                                
"Operator  : americo",                                                                    
"Comment  : sb_53.2micromatter",                                                          
"Group     : kerr2007ag180cal_lt",                                                        
"Date       : 2018-04-03 11:09:06",                                                       
"",                                                                                       
"Mesurement Condition",                                                                   
"------------------------------------------------------------------------------------",   
"Instrument : 700HS2   Atmosphere : Vac.   Collimator : 10(mm)   Spin : No",              
"------------------------------------------------------------------------------------",   
"Analyte               TG kV   uA      FI Acq.(keV)  Anal.(keV)  Time(sec)     DT(%)",    
"------------------------------------------------------------------------------------",   
"Na                    Rh 50  548-Auto Al  0 - 20    0.8 - 1.2   Live -  179   15",       
"Channel_info_start",                                                                     
"Channel : Na",                                                                           
"Points : 2048
"Range : 0.000000 - 20.480000",                                                           
"Step : 0.010000",                                                                        
"Channel_info_end",                                                                       
$DATA:
       0    2047
       0       0       0       0       0       0       0       0       0    2048
       0       0       0       0       0       0       0       0       0       0
       0       0       0       0       0       0       0       0       0       0
       0       0       0       0       0       0       1       0       0       7
      26      44      40      51      43      35      49      42      51      46
      40      56      38      43      41      44      41      47      55      52
      41      34      39      32      26      45      42      37      40      38
      37      45      46      41      30      37      30      40      35      48
      47      48      38      36      49      42      43      47      45      59
      32      35      58      36      38      34      31      42      50      50
      43      30      42      41      33      51      39      37      49      42
      39      29      37      38      36      31      36      41      43      45
      32      33      40      30      42      34      42      41      42      43
      39      41      38      50      46      43      42      41      33      39
      35      37      45      52      47      38      50      49      55      48
      45      51      41      53      60      51      59      61      62      55
      59      44      46      56      58      59      64      66      46      75
      45      56      57      53      58      54      60      54      56      52
      70      60      75      64      53      64      75      91      67     119
     105     120     138     150     157     189     208     257     202     195
     157     179     157     133     130     128     131     147     145     144
     172     173     167     203     150     166     153     158     149     170
     151     177     141     147     135     134     122     115     120     118
      93     104      90      89      81      80      82      58      68      80
      59      57      57      65      74      80      60      71      82      68
      59      71      66      72      56      52      47      52      46      52
      47      49      36      65      52      60      60      55      55      59
      49      73      53      57      71      53      63      58      51      66
      61      67      57      71      58      79      72      42      63      62
      73      81      67      91      80      84      61      91      77      91
      77      84      90      96      72      97      88      97      89     101
     103      97     105      98     102     116     106     113     145     158
     174     189     248     293     348     404     467     552     534     588
     642     673     613     638     580     539     483     410     395     328
     276     279     253     278     239     233     253     258     268     294
     330     367     385     411     456     540     556     672     799    1027
    1227    1786    2334    3178    3850    5189    6447    8003    9071   11017
   11700   13202   13014   13707   12938   12881   11368   11073    8988    8065
    6393    5623    4590    3884    3166    2951    2743    2887    3024    3566
    3983    4754    5211    6513    7151    7828    7813    8537    8424    8468
    7936    8024    7146    6823    5862    5459    4623    4179    3436    3242
    2571    2319    1971    1849    1663    1696    1566    1650    1656    1822
    1735    1786    1911    1925    1760    1721    1628    1475    1246    1100
     920     792     632     579     454     428     388     437     416     463
     509     610     680     742     821     951     926     963     915     964
     865     888     726     644     576     487     367     399     354     291
     257     279     290     333     378     411     448     530     549     592
     666     689     660     681     616     597     548     475     447     392
     326     291     247     237     173     163     118     105      92      97
      90      75      62      64      55      55      60      57      56      59
      56      49      56      45      41      44      49      68      43      66
      53      52      56      66      72      79      57      75      80      84
      80      77      81      83      74      68      80      96      81      78
      79      79      46      86      85      79      73     116      82      91
     110      86      93      83      83     102     106      83      76      84
      93      70      81      72      82      84      88      76      68      82
      79      68      81      67      71      75      71      96      67      79
      65      58      84      77      80      83      59      76      66      79
      81      85      72      72      74      83      88      64      89      97
      82      72      78      80      90     105      97      81      89     106
     104     120     107     124     132     117     120     136     119     147
     152     152     117     153     159     132     156     138     136     150
     161     167     132     134     157     134     160     133     139     152
     147     121     151     143     114     136     143     126     133     115
     133     131     116     146     119     124     119     128     109     131
     111     138     131     111     104     122     103     126     103     131
     115     111     111     106      88     105     113     110     104     144
     123     124     108     120     108     135     112     118     133     122
     132     129     116     135     146     141     151     146     143     139
     161     144     145     145     171     143     124     137     158     140
     141     170     164     128     150     146     164     175     146     144
     164     145     149     177     162     147     138     174     145     172
     147     157     152     179     147     177     156     170     158     180
     163     195     173     190     179     194     157     174     143     165
     170     169     166     160     136     130     162     172     150     153
     138     178     147     145     167     150     147     147     149     157
     160     142     158     160     136     144     147     141     132     178
     163     177     134     162     154     154     155     155     157     146
     147     150     135     158     150     159     156     148     148     161
     169     192     173     188     185     159     160     185     191     171
     174     178     215     173     191     198     199     207     203     243
     226     230     208     242     222     242     235     235     249     251
     232     224     208     209     202     178     156     190     189     166
     129     169     150     145     158     142     153     167     145     139
     136     150     154     143     123     155     133     149     158     163
     155     152     159     149     181     131     153     154     156     157
     150     160     160     156     137     176     216     197     192     194
     187     230     242     220     248     239     233     254     245     245
     243     207     240     242     217     209     188     189     199     211
     178     200     204     191     181     181     179     177     190     198
     179     174     155     177     180     194     182     165     171     175
     178     193     169     199     179     202     161     163     158     161
     179     159     172     200     145     145     149     176     167     174
     177     166     142     176     158     163     157     152     137     140
     157     139     137     164     135     142     144     142     152     122
     160     146     131     121     143     137     149     145     122     128
     125     141     122     150     148     129     132     150     117     140
     139     126     144     138     157     146     137     143     144     120
     128     129     137     142     113     131     128     149     130     111
     127     138     110     130     139     136     135     124     132     175
     132     128     136     147     132     144     132     150     137     151
     136     147     149     154     136     134     152     133     130     152
     143     143     131     167     149     127     131     146     153     133
     141     124     123     127     128     136     123     136     165     153
     143     129     144     159     148     141     150     163     145     152
     163     169     157     155     136     146     177     135     171     166
     156     148     180     164     182     189     180     159     171     175
     175     153     153     169     142     173     168     137     134     170
     147     145     154     153     142     157     131     134     122     151
     133     145     143     132     145     150     133     159     144     158
     133     131     140     137     119     132     123     130     157     135
     134     120     136     148     140     127     125     131     119     132
     146     139     138     122     105     136     134     143     129     119
     125     143     125     131     136     118     113     134     141     142
     125     143     110     132     125     148     130     136     124     125
     110     117     111     149     133     124     109     109     127     120
     123     127     140     106     128     123     109     135     128     133
     105     117     110     142     126     109     127     144     121     125
     120     143     151     135     125     128     129     130     129     139
     108     130     120     156     147     150     124     143     145     139
     124     139     133     143     112     132     121     147     126     114
     139     141     128     114     118     143     128     138     117     128
     117     126     135     132     116     153     131     130     119     126
     128     122     115     117     132     126     118     129     136     115
     117     130     123     136     119     121     120     119     106     129
     127     144     115     102     123     107      96     101     111     113
     109     134     122     135     125     129     125     108      91     109
     125     130     124     116     126     123     105     119     113     135
     128     104     132     117     100     104     115     130     124     117
     119     124     123     109     103     126     115     124     110     125
      93     111     119     115      97     107     114     120     101     115
     118     123     114     112     116     117     122     111     103     106
     107     101     119     106     111     120      97     107      97      89
     109     105     104     109     120     121     112      95     102     139
      95      94     100     108     103      88     118     121     103     109
      91     122     115      95     113     131     114     105     116     113
     100     102     121     140     122     105     109     105     107     104
     107      91     102     103     107     102     103     102     105     114
     103     129     103      98     100      96     117     104     106     122
     111     117      93     114     113     119      94      93     111     103
     107     102      99      99      87     113     108     115     106      94
      97     111     100     104     101      96      93     103     109      98
     104      97     107     108     103     105     109     104      99     100
      95      96      99      92     100     112     113      97      76     103
      90     120      88     101      92     107     112     101      97      89
     101      99     107     110      84      88      96     101      90      92
      83      88      87     103     109      80     100      98     102      84
      97      87      82     103     108     112      90     101     100     104
      89      90     100      99     115      98      90      94      83      84
      95      96      92     100     107      93      97      93      93      84
      85      91      97      88      85      96      97     104      94     101
      94      80      93      91      98      88      87     103      94     103
      91      83      89      86      87      89      91     100      99      97
      85      99      97     113     104      91      82      90     102      87
      90      89      92      86      90      86     102      88      85      81
      92      93      82      74      98     113      79      80     125      87
      85      80      88     111      96      96      85      95      94      81
      79      96      63      78      95      89      81      96      86      97
      76      95      94     102      82      70      96      87      76      73
      89      91      97      87     102      96      61      82      80      91
      99      83      95      80      70      90      94      92      82      99
      76      91      68      87      82      93      91      93      86      85
      93     108      90      73      77      86      94      88      59      84
      88      89      89      79      86      85      64      70      87      74
      84      92      88      74      72      73      85      61      75      75
      98      82      90      88      76      78      74      77      74      83
      77      81      96      96      85      70      81      79      78      77
      83      86      70      83      77      84      80      88      72      62
      58      93      74      93      74      86      74      86      60      66
      82      73      77      79      67      68      77      78      84      80
      89      75      78      50      72      70      80      66      72      86
      76      87      89      52      65      76      84      58      90      93
      77      74      84      87      74      91      78      84      78      83
      76      68      75      72      58      89      70      86      74      86
      71      91      73      71      84      91      75      61      82      87
      97      78      71      85      73      88      86      76      97      78
      84      76      78      70      79      91      59      78      53      53
      94      83      68      84      72      87      84      85      78      82
      99      71      67      85      84      89      80      75      78      72
      68      63      82      67      66      64      77      77      79      78
      61      84      83      74      72      67      83      85      72      84
      71      89      72      83      73      89      86      82      85      90
      75      92      89      89      71      79      74      77      82      72
      70      82      84      93      84      83      82      79      74      81
      83      85      97     109      84      78      65      99      85      78
      73      82      92      75     100      90      92      95     102      72
      96      80      99     101     102      91     106     112      88     108
     107     100     110     102      97      92      91     126     133     106
     113     124     121     141     117     117     127     141     117     121
     164     173     182     155     157     169     163     167     210     183
     174     198     196     228     204     189     232     234     233     274
     279     315     282     306     315     303     300     345     353     349
     371     375     396     410     405     357     433     414     445     398
     446     420     451     495     477     505     451     418     485     485
     432     502     508     511     438     471     460     462     417     422
     434     449     398     393     387     403     356     367     352     340
     317     295     333     329     306     311     268     241     263     249
     249     265     207     220     204     218     192     170     186     169
     144     191     180     158     148     157     147     132     116     121
     123     124     123     123     133     104      92     117     106     141
     122     127     129     137     134     154     130     131     165     163
     183     158     172     179     191     226     230     245     259     298
     289     310     306     271     295     279     309     327     299     327
     351     316     311     292     304     336     285     284     280     223
     243     201     234     191     179     188     160     142     146     137
     158     134     118     126      93     100      93  110637
