$Informacoes da Fluorescencia de Raios-X:
"Sample    : pd_34692_8p",                                                                
"Operator  : americo",                                                                    
"Comment  : pd_44.1micromatter",                                                          
"Group     : kerr2007ag180cal_lt",                                                        
"Date       : 2018-04-03 10:44:53",                                                       
"",                                                                                       
"Mesurement Condition",                                                                   
"------------------------------------------------------------------------------------",   
"Instrument : 700HS2   Atmosphere : Vac.   Collimator : 10(mm)   Spin : No",              
"------------------------------------------------------------------------------------",   
"Analyte               TG kV   uA      FI Acq.(keV)  Anal.(keV)  Time(sec)     DT(%)",    
"------------------------------------------------------------------------------------",   
"Na                    Rh 50  596-Auto Al  0 - 20    0.8 - 1.2   Live -  180   15",       
"Channel_info_start",                                                                     
"Channel : Na",                                                                           
"Points : 2048
"Range : 0.000000 - 20.480000",                                                           
"Step : 0.010000",                                                                        
"Channel_info_end",                                                                       
$DATA:
       0    2047
       0       0       0       0       0       0       0       0       0    2048
       0       0       0       0       0       0       0       0       0       0
       0       0       0       0       0       0       0       0       0       0
       0       0       0       0       0       0       0       0       1       5
      17      47      58      60      49      46      56      51      44      65
      46      43      38      43      50      59      59      49      42      52
      49      53      43      64      42      54      49      39      50      51
      45      32      36      61      45      51      51      42      31      49
      44      44      54      54      46      53      64      49      59      48
      38      49      41      54      54      38      47      51      39      56
      46      49      46      60      53      51      58      52      53      60
      63      89      69      98     111     125     120     153     174     192
     179     171     186     140     143     123     104      99      98      89
      95      98      95     135      98      97     112     118     121     117
      92     109     107      96      89      92      68      78      75      75
      66      70      86      90      69      58      56      76      68      77
      67      66      50      66      79      65      61      76      77      69
      51      74      66      66      53      56      62      60      52      63
      67      73      71      68      77      66      82      61      71      57
      61      61      65      70      81      47      56      69      61      78
      61      71      64      76      80     116     118     151     150     143
     158     160     144     184     162     180     125     136     114     120
      83      90      81      68      65      65      68      63      56      77
      87      80      80      80     102     106      89     120     117     117
     132     161     149     148     140     136     160     155     143     153
     150     160     176     207     210     248     292     333     362     399
     383     451     473     440     453     469     392     391     358     341
     305     316     306     333     301     353     310     355     361     390
     390     483     502     643     839    1193    1556    2176    2588    3513
    4384    5402    6106    7063    7610    8089    7925    8272    7251    6954
    5852    5329    4671    4221    3584    3551    3338    3670    3491    3788
    3884    4148    3972    4092    3729    3664    3121    2934    2615    2345
    2039    1738    1542    1420    1217    1177    1055    1027     980     979
     873     858     770     774     672     589     541     490     457     396
     425     390     369     397     365     410     376     348     330     259
     226     241     153     186     143     125     111     109     120     114
     143     153     188     203     236     248     270     289     332     367
     412     455     540     615     742     878     927    1155    1244    1356
    1284    1415    1356    1356    1209    1161     938     857     646     557
     414     357     237     224     158     121      80      90      91      95
      78      83      71      97     103     102     141     136     132     177
     208     200     197     245     188     204     185     192     157     154
     125     124     117     109      82      80      64      59      44      50
      70      48      48      51      43      57      40      53      48      44
      49      52      58      53      57      66      59      83      75      66
      80      80      74      68      83      84      81      82      84      72
      67      76      87     102      91      79      76      66      78      82
      68      79      88      64      66      76      53      81      78      71
      74      75      69      75      66      60      59      62      51      65
      54      63      67      52      60      53      56      62      51      66
      63      59      52      46      50      54      61      62      62      51
      67      56      59      61      64      59      46      66      62      58
      41      67      53      62      44      57      68      73      63      70
      68      53      56      66      64      75      80      78      63      53
      74      68      79      84      83      71      82     100      72      90
      93     101      99      91      96     112     108     124     120      99
     111     131     119     130     125     130     130     133     101     137
     112     139     148     116     131     142     127     155     144     133
     139     127     121     139     116     128     105     107     127     104
     108      94     114     122      96     126     102     110     107      98
     108     114      96     102      96     112     100     113     109     118
     116      98     105     117     104     121      90     120     103     119
     103     113     128     130     110     121     125     130     108     145
     124     108     107     114     125     137     120     113     136     134
     127     142     156     159     150     153     170     153     183     181
     171     184     177     208     178     190     168     211     177     192
     195     219     211     196     211     216     188     225     190     224
     221     226     211     223     253     221     214     235     216     241
     222     215     212     216     217     200     216     245     213     204
     201     201     175     209     203     190     204     211     156     172
     178     182     163     212     152     187     148     170     179     157
     169     176     148     166     171     137     146     174     165     155
     141     137     122     138     134     151     160     134     139     125
     127     132     117     125     144     126     135     123     110     120
     137     115     131     144     139     141     142     141     141     135
     123     151     147     115     123     115     110     127     129     141
     123     137     125     134     123     123     122     149     159     115
     147     122     146     129     115     157     132     152     129     141
     128     147     134     120     135     136     129     128     138     145
     167     174     148     160     149     156     159     155     177     172
     167     165     186     180     161     147     175     181     191     200
     181     195     201     248     236     255     210     218     213     209
     224     228     230     245     220     191     217     206     175     179
     185     172     163     156     147     167     126     162     133     170
     137     156     129     178     176     155     165     185     151     145
     165     202     170     162     168     190     186     183     183     183
     170     171     198     210     194     215     213     244     223     241
     263     249     260     303     299     309     285     289     296     289
     294     308     288     270     276     292     259     253     249     237
     237     229     225     206     224     202     211     196     218     187
     210     233     209     220     193     209     214     211     190     173
     187     192     157     191     152     180     172     181     168     169
     150     169     179     143     145     150     174     135     150     150
     177     155     141     148     146     138     154     153     122     135
     128     145     162     144     155     154     149     156     137     136
     149     154     140     170     162     150     147     148     148     156
     148     166     175     169     163     169     182     179     165     171
     177     156     158     168     171     155     162     163     156     203
     151     191     182     152     145     157     183     159     135     170
     180     180     152     178     167     144     151     158     141     173
     148     161     161     169     155     179     200     175     159     183
     152     181     184     195     179     196     179     168     181     184
     153     156     172     182     167     167     169     174     179     159
     156     146     158     177     151     143     157     154     144     153
     165     153     156     134     155     155     137     152     120     146
     153     178     158     159     170     169     139     146     152     132
     122     144     157     147     151     147     127     139     153     131
     147     155     156     156     151     142     139     140     129     115
     132     135     166     121     157     135     151     123     125     141
     144     111     135     135     141     125     129     129     114     149
     116     139     140     131     149     146     125     138     135     136
     156     150     150     139     125     139     142     140     142     137
     138     133     147     152     142     124     121     151     124     133
     150     161     137     130     132     142     140     140     125     135
     143     147     144     154     153     142     120     143     150     166
     144     165     137     152     140     163     139     139     155     167
     150     153     160     145     129     173     150     143     140     181
     153     184     158     148     187     142     142     186     172     147
     163     151     144     161     169     151     137     163     166     170
     158     169     137     150     168     162     140     165     153     165
     163     159     146     150     156     147     157     161     157     170
     153     169     168     159     156     160     148     183     125     160
     149     151     153     152     120     144     133     149     137     117
     141     130     148     146     121     124     129     136     131     148
     119     147     140     138     116     131     108     142     133     121
     129     125     113     119     146     166     131     112     134     149
     124     123     128     145     136     124     146      91     110     139
     135     112     112     139     125     131     121     110     145     153
     126     105     136     126     122     116     114     109     135     110
     121     136     122     152     111     122     117     132     135     110
     115     113     125     121     102     135     124     133     108      94
     105     126     123     122     124     116     125     122     136     132
     126     120     110     138     110     138     131     126     108     134
     118     127     103     131     128     151     101     110     114     120
     124     106     122     117     106     129     105     122     130     113
     118     106     123     118     126     114     123     130     106     111
     131     118     114     123      88     124     130     115     103     109
     115     127     120     115     114     104     117     110     118     146
      96     123     112     114     118      97     107     116     131     104
     101     107     106     129     116     107     120     128     103     124
     125     123     121     114     110     102     104     104     106     121
     122     129     110     115     130     134     102     113     103     103
     127     102     114     102     110     117     109     114     110     109
     110     137      97     107     114     116      92     110      93     131
     114     109     138     128     109     117     120     103      96     113
     120     109     105      97     117     114     119     115     123     101
      97      94     103      89     111     124     113     117      88     100
     103      98      94     122     115     101      99     108     117     118
      94      99     121     101     110     103     100      89     124     107
     118      94     106     110     107      98     104     123      92     114
     107     114     108     104     109     100     125     115      86     102
     109      90      98      91     105     114      88     116      98      96
      99      99     108     109      96      96     110     109     109      94
     108     103      93     111      84     100     102     116      82      94
     101     115     109      91     123      88      93     101      96     108
      98     122     113     107     116     107     105     107     103     105
      94     105      86     110      94     108     106     108     100      99
      84     103      82     102      86     100     100      78     106      98
      83     100      96     101     115      99     108     112      85      89
      75      91      81      99      99      90      93      85     105      94
     105      91      96      90      98      95      97      94      89      80
      84      93      73      84      93     101      95      99      95      75
      96      83      89      91      83      84     106     108      89     102
      87     104      91     107      95      93      88      87      94      91
      88     100      98      87      74     100      96      96      98      89
      83      80     103      79      90      99      92      87      98      92
      83      97      91     104     106      89      95      95      88      89
      87     107      86      92      98      89      95      81      86      89
      78      79     101      90      66      75      89     108      90     104
      81      94      75      90      75      86      88      85      95      99
      83      77      83      89      88      89      70      86      56      86
      93      75     100      94      76      77      77      85      93      89
      95      93      73      83      81      87     102      98     107      76
      90      83      88      90      80      92      86      83      77      92
      84      99      92     101      91      92      83      80      93      88
      87      88      85     112      81      90      83     100      92      74
      72      94      99     102      92      93      83     101      81      87
     104      86      80      86      88      94      85      74      76      89
      95      78      96      89     105     103      93      78      76      94
     100      77      79      74      94      92      85      81      77      82
      92      86      91      77      73      87     116      99      95      90
      72      96      86      83      94     104      99      93      94      86
     100      91      85      93      91      80      98      87     114      87
      91     102      86      95      91      94      90      76      96      86
      83     106      88      87     109      87     110     105      93     116
      96     110      78     104      96      85      99      93     113     102
      99     111     106      91     101     111     107     116     116     116
     116     130     112     113     132     115     113     123     121     121
     115     141     133     148     131     163     159     146     137     170
     151     179     167     153     203     201     167     211     212     210
     209     241     235     236     282     260     285     252     255     280
     324     364     313     353     375     383     364     404     378     394
     430     436     460     417     461     502     521     464     498     475
     553     516     482     537     560     549     560     505     573     561
     534     548     527     574     543     528     501     514     488     510
     536     482     455     439     469     512     411     424     403     442
     369     357     347     360     342     347     320     319     288     280
     290     263     243     266     242     235     232     237     232     205
     195     200     176     176     166     162     171     167     152     132
     154     157     143     150     170     118     125     126     138     130
     133     133     123     137     119     145     149     147     141     156
     160     150     176     194     205     213     218     251     244     276
     254     235     271     315     292     296     309     312     291     326
     289     316     298     309     315     292     237     270     279     291
     262     256     238     233     199     206     219     191     191     180
     161     143     134     139     134     118     128  229186
