$Informacoes da Fluorescencia de Raios-X:
"Sample    : in_34694_8p",                                                                
"Operator  : americo",                                                                    
"Comment  : in_49.9micromatter",                                                          
"Group     : kerr2007ag180cal_lt",                                                        
"Date       : 2018-04-03 10:58:46",                                                       
"",                                                                                       
"Mesurement Condition",                                                                   
"------------------------------------------------------------------------------------",   
"Instrument : 700HS2   Atmosphere : Vac.   Collimator : 10(mm)   Spin : No",              
"------------------------------------------------------------------------------------",   
"Analyte               TG kV   uA      FI Acq.(keV)  Anal.(keV)  Time(sec)     DT(%)",    
"------------------------------------------------------------------------------------",   
"Na                    Rh 50  596-Auto Al  0 - 20    0.8 - 1.2   Live -  179   16",       
"Channel_info_start",                                                                     
"Channel : Na",                                                                           
"Points : 2048
"Range : 0.000000 - 20.480000",                                                           
"Step : 0.010000",                                                                        
"Channel_info_end",                                                                       
$DATA:
       0    2047
       0       0       0       0       0       0       0       0       0    2048
       0       0       0       0       0       0       0       0       0       0
       0       0       0       0       0       0       0       0       0       0
       0       0       0       0       0       0       0       0       0       4
      26      51      49      64      45      35      48      46      56      54
      49      55      47      52      44      54      49      56      53      46
      48      48      42      45      41      57      34      53      33      41
      51      47      49      44      39      46      54      41      37      37
      51      50      47      50      36      51      41      59      40      52
      50      54      32      49      48      35      41      44      46      50
      47      31      47      67      45      54      47      51      52      46
      52      57      45      66      48      43      41      35      57      49
      57      57      58      50      41      60      57      50      59      62
      59      72      36      55      51      70      56      62      44      60
      53      41      66      64      53      72      47      58      60      71
      72      72      74      75      79      85      80     113     116     149
     143     157     192     196     200     214     197     207     201     167
     135     136     113     104      94      75      91      89      88     109
     106      96     118     135     137     144     117     136     149     140
     122     137     106     112     115     113      90     103      93      85
     103      88     110      97     103     141     124     139     161     182
     166     186     204     197     164     166     137     130     106     119
      93     107      82      73      71      77      72      82      70      74
      82      68      59      66      52      62      67      59      67      50
      50      53      72      79      54      60      56      73      60      82
      56      54      60      50      71      86      59      65      62      49
      59      83      62      55      54      69      60      75      68      78
      78     108      75     120     121     139     128     161     160     214
     206     243     208     210     232     220     192     245     211     213
     239     274     292     307     329     401     432     513     535     617
     600     654     669     680     602     641     557     567     495     401
     357     361     337     320     276     290     271     328     338     381
     353     431     466     451     492     585     596     826     929    1412
    1881    2613    3320    4474    5575    6957    8113    9716   10691   11740
   11766   12277   11714   11524   10065    9610    7450    6713    5259    4478
    3658    3322    2819    3107    3326    3869    4095    4922    5326    6134
    6083    6903    6748    6866    6218    6276    5486    5261    4466    4153
    3693    3482    2919    2834    2663    2589    2440    2714    2644    2831
    2795    2926    2963    3027    2750    2688    2500    2122    1855    1637
    1428    1203     915     809     706     569     569     529     580     630
     603     705     702     744     756     790     805     704     699     701
     557     564     462     456     442     416     359     338     324     284
     280     325     323     361     398     387     440     452     438     404
     395     400     376     340     292     250     212     169     171     114
     109     107      69      72      68      78      59      81      48      73
      49      93      71      75      79      69      65      77      80      82
      62      58      82      82      83      76      75      91      94      74
      80      86      85     101      66      67      59      77      72      68
      59      70      67      69      60      64      60      65      53      67
      56      69      56      67      57      62      59      57      53      69
      53      52      57      69      58      59      58      59      55      52
      78      56      52      70      68      76      74      55      98      78
      64      78      67      75      60      68      57      77      79      83
      84      62      69      81      66      85      68      93      77      73
     112      93      68     115      99     100      98     120     129     138
     160     177     165     218     204     241     223     257     242     256
     240     249     285     259     244     274     246     243     247     269
     232     221     205     226     202     222     201     179     167     177
     182     148     167     158     133     153     159     121     149     134
     128     122     150     123     118     106     118     138     136     133
     112     132     123     111     109     104      95     132     103     133
     123     109     102     140     110     118     118     115     110     127
     113     131     125     118     131     123     128     119     102     151
     128     132     110     128     123     131     110     117     142     133
     137     132     142     150     128     129     155     140     126     152
     136     136     134     131     159     148     126     136     131     136
     157     122     121     145     132     128     135     149     119     135
     128     149     132     109     151     124     114     124     160     130
     136     154     154     145     137     127     148     135     136     130
     125     138     128     133     150     163     160     162     135     153
     121     139     137     130     143     123     129     129     137     126
     140     157     131     150     143     131     122     151     144     149
     151     137     127     155     120     150     140     140     153     134
     138     139     134     143     129     131     118     108     144     129
     141     154     132     122     114     137     118     152     131     137
     133     126     155     155     148     161     151     152     147     147
     136     133     134     156     138     130     142     156     149     137
     152     143     139     141     142     171     138     158     156     139
     152     169     148     162     143     134     155     163     152     166
     180     174     169     186     163     157     187     202     168     181
     185     196     198     180     191     176     212     220     222     225
     251     255     236     252     273     276     283     275     301     303
     317     306     265     292     257     273     279     279     270     253
     250     228     207     218     223     232     223     206     207     215
     166     192     214     209     207     203     198     197     205     220
     189     199     192     193     212     205     183     202     200     193
     189     219     180     210     200     210     193     185     208     216
     214     249     235     214     286     243     278     264     249     263
     237     245     247     246     212     239     212     210     182     208
     193     198     160     174     180     191     181     164     168     177
     155     147     157     159     137     156     183     166     167     158
     167     143     157     190     156     174     158     167     135     177
     150     165     156     131     153     162     143     189     150     162
     147     152     141     159     153     156     129     153     152     150
     147     160     168     152     142     138     142     157     157     136
     139     161     152     144     152     155     133     149     153     150
     123     149     148     148     159     145     130     151     144     161
     158     139     153     132     158     155     132     142     154     155
     164     151     163     164     155     141     159     157     129     150
     155     149     162     157     154     162     138     140     138     171
     155     132     134     148     163     155     147     155     127     158
     139     143     142     151     159     138     140     159     133     161
     151     152     145     148     176     128     163     158     114     141
     136     158     138     140     167     153     136     147     144     151
     161     153     130     161     140     154     148     160     137     169
     140     169     166     151     159     148     150     148     152     154
     158     174     134     134     117     162     150     181     127     161
     130     147     145     168     157     132     136     161     144     160
     148     170     164     166     135     173     175     136     163     150
     154     161     169     159     175     162     161     148     170     151
     148     147     152     166     143     142     151     176     133     131
     138     177     179     151     162     161     154     150     156     163
     135     168     156     152     135     134     142     154     133     163
     153     160     150     167     116     157     151     162     170     160
     151     141     144     152     128     156     173     132     132     129
     139     145     131     152     139     155     126     132     145     149
     143     171     137     130     134     160     132     137     141     140
     137     151     141     141     156     141     114     140     111     148
     132     132     129     157     132     136     137     121     135     148
     149     154     135     125     152     139     133     121     152     134
     126     131     145     141     130     131     129     129     133     150
     123     119     133     153     124     134     118     140     136     135
     131     138     139     125     132     139     133     144     134     127
     147     138     140     157     116     133     133     148     126     114
     108     123     154     144     126     135     144     139     125     120
     137     134     139     121     135     108     122     120     137     125
     127     130     137     102     109     115     137     135     130     121
     113     143     152     117     136     129     126     115     123     133
     133     108     130     134     138     118     125     134     138     139
     108     118     110     142     149     124     113     136     130     126
     113     132     115     108     139     131     126     135     113     129
     130     130     106     127     121     137     135     114     140     135
     125     134     139     121     116     132     126     133     128     120
     118     127     108     115     130     143     110     134     123     140
     112     106     127     128     125     138     123     130     131     125
     124     106     137     102     119     126     113     122     116     130
     123     122     113     111     127     128     121     149      92     108
     123     114     107     123     120     127     117     102     123     142
     110     118      95     119     116     130     117     122     140     110
     108     113     106     131     114     115     132     118     121     131
     122     128     114     127     110     111     109     122     114     112
     131     128     106     116     125     111     115     116     110     122
     112     101      90     107     118     106     125     121     114     104
      97     106     136     111     114     108     110     106     100     107
     115     103     114     120     101     120     128     112     102     124
     103      92     109      97     110     112     102     100     109      91
     103     109     125      99     109      95      98      86     108     119
     109     134      91      91     101      96     112      88     116      99
     118     106     116     122     110     104     110     104     110      94
     116     114     109      92      92     124      94     116      86     107
      98      95     122     107     103      95     100     134      74     115
      83     102      94      96     114     101      99     109     112      89
      92      90     112      86     108      93      80      97      76     110
     112      86     128     113      98      79      96      96     104     110
     103      98     103      97     109     114     104      90      95      90
      87     112      87      94      96     120     109      83      96      97
      90      93     100     107      92      87      88     100     109     121
     100      95      91      78     101     110      97     106      92     104
      81      77      97     100      82     104      90      83      79     100
     109      96      83     112      87     106      78      91      84      90
      93      98      85     113      97      87      99     102     104      88
      98     103      93      92      81      89      99      87     118      93
     100      97     109      84     106      70      95      93      83      97
      96      91      98      70      91      87      93      78     100      95
      93     115      83      87     114      93      83      80      76      99
      95      93     103      84      83     103      83      91      88      92
      80      94     100      93      87      93      88      94      93      89
      93     115      76      92      77      74      89      81     101      96
      88      93      82      95      85      84      80      75      97      83
      83      87      78      93     108      81      85      88      87      92
      95     111      82      70      74      82      96      91      82      91
      85      84      80     100      89      79      85      81      80      83
      70      83      73      74      91      91      79     104     103      92
      79      97      87      75      79      86      67      77     100      97
      73      72      71      93      67      75      79      90      99      95
      92      80      78      89      83      97      81      82      89      96
      75      92      85      87      89      90      78      87      82      81
      90      89      84      93      79      73      77      80      78      84
     104      88      79      92      83     102      69      76      92      90
      94      87      94      70     102     102      81      76      88      91
      74      88     111      70      76      82      72      87      74      75
      84     104     101      97      90      82     104     101      94      94
      97      91      80      96      83      79      81      95      84      91
      88      93      86     100      88     100      88      76      85      94
      82     113     108     104      84     106     100     112     102     101
      90      90     102     102      87     106      97      99     115      91
     103      85     115     100     118     108     102     110      98     107
     108     121     106     141     118     138     128     132     132     134
     120     136     130     130     156     139     154     143     140     159
     159     164     165     171     191     205     202     181     216     237
     232     246     234     250     239     253     296     299     319     320
     307     322     338     345     353     361     371     411     417     386
     443     459     487     483     455     446     476     542     457     461
     544     520     531     548     494     524     477     516     532     552
     492     487     543     542     472     554     534     508     473     501
     459     464     466     462     405     398     399     417     418     434
     348     353     366     381     303     320     300     320     297     327
     261     262     221     227     258     228     219     203     233     183
     165     179     196     166     175     189     154     171     149     135
     137     138     129     119     150     119     122     115     121     140
     133     124     129     140     152     140     165     158     158     187
     180     202     208     208     177     240     225     247     255     265
     273     274     301     307     305     302     328     372     313     323
     307     357     333     340     333     298     300     292     286     319
     278     245     243     240     243     212     209     183     173     135
     155     131     143     140     125     113     107  165069
