$Informacoes da Fluorescencia de Raios-X:
"Sample    : rbi_34698_8p",                                                               
"Operator  : americo",                                                                    
"Comment  : rbi_50.1micromatter",                                                         
"Group     : kerr2007ag180cal_lt",                                                        
"Date       : 2018-04-03 11:17:26",                                                       
"",                                                                                       
"Mesurement Condition",                                                                   
"------------------------------------------------------------------------------------",   
"Instrument : 700HS2   Atmosphere : Vac.   Collimator : 10(mm)   Spin : No",              
"------------------------------------------------------------------------------------",   
"Analyte               TG kV   uA      FI Acq.(keV)  Anal.(keV)  Time(sec)     DT(%)",    
"------------------------------------------------------------------------------------",   
"Na                    Rh 50  393-Auto Al  0 - 20    0.8 - 1.2   Live -  179   15",       
"Channel_info_start",                                                                     
"Channel : Na",                                                                           
"Points : 2048
"Range : 0.000000 - 20.480000",                                                           
"Step : 0.010000",                                                                        
"Channel_info_end",                                                                       
$DATA:
       0    2047
       0       0       0       0       0       0       0       0       0    2048
       0       0       0       0       0       0       0       0       0       0
       0       0       0       0       0       0       0       0       0       0
       0       0       0       0       0       0       0       0       0       2
      17      30      42      24      32      32      33      33      30      32
      36      38      39      34      31      28      42      27      27      35
      29      40      35      30      31      33      22      38      26      31
      29      29      46      30      32      32      33      18      31      41
      22      31      33      41      25      16      29      28      19      36
      21      27      22      31      29      32      33      24      18      30
      24      33      28      24      28      22      20      21      23      30
      27      32      21      20      28      25      26      14      24      22
      14      29      22      28      17      28      28      18      24      25
      18      29      25      28      21      27      16      36      19      40
      29      19      29      21      23      22      31      35      32      37
      27      30      36      45      37      38      43      50      46      65
      67      61      69      64      49      55      44      63      66      57
      86     109     160     192     257     336     444     515     627     736
     803     832     824     836     807     817     708     709     538     529
     418     380     280     242     199     190     167     129      99      86
      79      82      57      66      67      72      73      87      88     111
     102     128     107     107     109      85      97      82      79      68
      52      67      68      51      60      56      65      63      67      75
      75      87      77      78      62      60      52      48      43      32
      37      31      26      34      38      28      26      28      19      28
      35      34      28      26      39      46      48      45      43      60
      50      53      39      47      41      43      45      42      27      35
      42      34      36      38      34      37      27      36      27      35
      33      31      31      43      38      34      34      41      35      32
      42      40      23      31      26      32      26      34      27      45
      25      35      28      29      38      24      20      24      37      19
      23      31      32      29      29      35      33      24      42      31
      28      40      27      29      39      40      48      41      36      43
      31      38      34      42      49      49      43      38      38      49
      36      45      46      52      43      69      63      66      63      80
      87      78     100     133     156     162     176     204     197     256
     265     277     260     257     236     218     216     221     198     227
     262     290     331     365     469     576     612     784     848     930
    1005    1007    1022    1016     929     895     781     679     609     579
     503     528     490     604     703    1000    1096    1616    1910    2492
    2918    3715    4103    4722    4919    5470    5325    5545    4937    5015
    4151    3733    3035    2735    2005    1720    1236     945     725     607
     463     477     478     561     689     826    1019    1322    1445    1976
    2237    2667    2936    3283    3355    3590    3315    3472    3396    3176
    2852    2742    2363    2206    1878    1695    1387    1315    1032     945
     744     676     535     526     578     530     531     577     595     722
     708     744     835     911     819     831     848     791     683     603
     545     440     368     305     261     218     184     180     157     151
     146     152     160     189     190     215     258     314     326     359
     392     476     414     454     451     427     393     352     326     305
     243     191     188     173     129     128     118     129     136     127
     142     183     196     212     239     285     269     290     252     278
     274     268     244     244     224     158     169     185     127     122
     139      91      95      82      71      65      66      85      48      41
      52      55      42      55      33      52      46      51      59      53
      55      44      40      48      63      52      44      44      37      40
      45      65      46      34      53      52      43      42      36      41
      51      52      41      52      55      51      46      52      49      53
      46      34      45      57      43      47      52      54      41      56
      68      57      48      56      48      84      43      73      68      71
      66      54      67      75      67      64      59      74      51      69
      68      70      73      81      73      73      71      71      68      80
      71      95      81      82      72     100     103      99      87      86
     102      98      96     114     113      92     111     108      95      95
      83      94     103     103      87     101     102     109     126     135
     123     133     108     112     124     136     118     105     136     134
     114     151     114     122     109     127     129     125     101     104
     139     104     117     138     130     104     108     110     119     137
      96     100     125     110     112     107     104     129     114      92
     109     114      87      78      99     115      99     111      95      93
     109     107     105     122      90     106      99      86      87     103
      99     107      73     104     106      93      92      99      88     104
      94      93     102      99     113      99      77      84      83      76
      93      78      99     100      69      86      84      77      75     113
      93      98      72      99      94      78      97      83     111      87
      88      87     105      92     100      93      90      93      92      87
      99      90     109      91      94     105      95     104      92      77
      92     113      87      90     102     109      91      81      78     104
      91      96      83     103      95      91      75     108     100     101
     106     109     101     118      94     102     100     107      99     108
     104     108     117     118     122     117     126     131     139     141
     158     160     144     173     191     162     165     150     172     173
     170     160     158     144     150     164     131     151     105     132
     130     127     103     123      98     127     116     118     109     107
     110     116     102     126     122     123      99     136     122     120
     115     126     131     106     134     116     113     115     126     127
     117     101     120     136     126     137     137     128     150     154
     148     134     154     174     160     157     163     204     182     167
     159     205     170     172     160     166     139     136     128     143
     108     111     119     145     135     116     111     122     116     121
     107     119     121     114     122     132     122     126     121     134
     103      97      99     111      99     114     115     107     101      90
     106     108      88     103      93      97     116      95      96      97
     105     105      97      85     101     101      98     109      93      84
     101     102     114      96     103      91     119      94      83     110
      99      95      96      90     101      99      95      95     107     103
      95     105     117     100      94      95      99     100     110      99
     114     111     106      96      86     102      82     101      94      99
      90      95      85     104      79      88     107      87      87      96
      84      99      95      94      78      93      65      98      75     110
      76      92     117      96      88      96      97     105      74      94
      94     103      79     108      99      95      83     130      84      83
      93      96      88     106      92      93      87      86     102      88
      96      85      81      99      98      97      75      97     108      88
      98      97     100      86      96     103      85     105      91     108
      81     103      70      88      84      97     101     112     102     109
      93      99      71     110      90      91      83     108      90      95
     117      96     100     117     126      90      83     106      79      93
      87      98      85     111      87      85     109      96      95     107
      96     104      75      96      80     101      88     110      90     102
     104     108     102     107      97      80     103     110      84      97
     116      90      96     104      84     116      95      81     114     100
     126      93      86     103     106     106      92     105      87     102
      96      88      82      86      73      97      91      75      78      93
      88      79     103      86      74      94      94     103      80     103
      99     105      88      78     102     109      98     108      63      82
      85      90      90      99      74      93     104     108      82      87
      88      74     107      84      82      97      91      94     105      93
      96      87      91      75      92      77     102     108      91      99
      90      94      97      85      81      92      97      92      80     105
      91     108      88      92      84      71      86      83      76      77
      92      84      92      82      96      94      71      70      66     102
     100      92      96     102      80      74      76      87      87      86
      79      84      64      87      77      88      78      95      98      91
      98      79      77      88      93      85      97      86     102      98
      75     101      81     100      83      74      77      88      75      90
      91      78      82     116      88      80      90      91      66      77
      92      83      70      87      83     101      77      80     100      97
      75      97     101      87      90      91     103      94      85      93
      92     105      80      87      85      95      90     100      94     105
      90     103      99      94     111      98     101      97      94      94
     116      93      96     125     103     118     123     121     116     114
     142     160     167     193     212     269     264     376     396     546
     627     839    1030    1143    1473    1764    2039    2560    2921    3508
    3909    4537    5235    5744    6160    7144    7953    8368    8725    9454
    9890   10477   10498   10862   11336   11219   10601   10776   10606   10240
    9391    9091    8551    7943    7066    6499    5981    5449    4680    4150
    3516    3116    2488    2243    1833    1456    1187    1010     817     641
     480     408     364     277     246     184     178     161     123     129
     101     116     108      85      96      98      87     100     109      92
      87      93      82      96      86      82      81      71      79      81
      77     103      98      77      79      96      74      82      93      88
      86      84      77     105      84      92      78      73      74      73
      81      74      74      79      79      78      63      87     106      73
      82      73      93     101      85      77      97      93      68      87
      88      83      84      68      85      69      68      86      87      93
      76      82      94      96      82      88      73      88      73      91
      90      92      78      98      95      86     103      94     103      99
      93      99     109     118     126     141     140     156     179     189
     196     272     245     297     381     425     466     524     610     729
     783     836     948    1089    1104    1218    1396    1546    1536    1602
    1681    1720    1699    1609    1760    1769    1697    1671    1642    1630
    1428    1438    1429    1309    1096    1114    1065     951     842     873
     753     721     587     542     509     483     419     414     405     327
     328     289     308     271     235     209     217     181     176     171
     168     129     130     125     112     104      98      87      93      87
      69      94      68      76      81      61      60      67      58      70
      81      59      53      66      53      59      50      55      60      75
      59      56      51      69      54      62      60      64      63      71
      43      77      48      67      54      53      52      67      54      64
      48      58      62      56      52      61      57      59      57      55
      58      50      44      50      52      59      55      57      56      59
      53      56      59      55      56      48      48      61      52      73
      58      57      54      56      69      57      62      54      50      52
      53      58      59      47      53      65      45      68      59      46
      48      57      47      74      51      56      49      55      43      50
      51      63      46      47      56      38      55      54      44      47
      57      48      52      66      52      54      74      73      48      58
      51      50      58      42      53      59      63      57      60      50
      59      44      69      39      43      52      49      61      63      69
      52      57      50      53      63      61      48      56      52      58
      56      48      42      57      54      51      46      56      56      74
      56      48      58      50      49      64      50      55      56      61
      57      58      49      55      53      50      58      64      59      41
      59      54      52      59      46      57      53      54      70      61
      65      58      60      71      56      49      63      60      45      57
      59      58      60      61      60      55      52      67      68      59
      53      50      53      49      55      59      58      59      57      58
      44      58      68      56      55      49      53      64      52      57
      50      67      64      47      51      58      52      68      55      55
      52      41      56      58      47      49      60      62      55      53
      65      65      51      47      53      53      49      62      48      59
      55      61      54      55      52      57      52      50      53      68
      54      50      50      45      45      66      44      56      68      53
      67      62      57      66      60      61      60      53      67      58
      64      62      67      58      50      66      69      57      52      62
      65      59      78      54      59      57      76      74      62      70
      67      59      60      62      80      69      69      82      66      76
      91      75      72      95      90     106     100      92      96     105
     116     105      82     116     105     132     106     136     131     156
     133     160     143     148     160     165     182     165     171     178
     196     190     207     212     218     225     252     245     247     260
     252     260     280     296     249     313     313     315     321     303
     339     301     312     349     352     375     326     326     348     347
     361     330     327     353     367     324     343     331     318     295
     281     288     281     277     306     260     272     241     272     257
     257     247     234     213     229     202     213     192     171     188
     196     166     156     152     160     118     125     116     123     130
     104      99     113     104     116     102     103      85     109      92
      81      81      82      76      69      82      73      69      73      84
      78      82      87      83      87      82     112     114     103     114
     125     129      94     138     124     143     144     133     165     174
     168     163     170     204     205     186     199     206     202     197
     216     178     204     206     204     210     178     176     185     161
     164     142     142     142     144     116     136     128     107     102
      73      77      75      61      78      59      54   43896
