$Informacoes da Fluorescencia de Raios-X:
"Sample    : tbf3_34706_8p",                                                              
"Operator  : americo",                                                                    
"Comment  : tbf3_50.9micromatter",                                                        
"Group     : kerr2007ag180cal_lt",                                                        
"Date       : 2018-04-03 15:58:36",                                                       
"",                                                                                       
"Mesurement Condition",                                                                   
"------------------------------------------------------------------------------------",   
"Instrument : 700HS2   Atmosphere : Vac.   Collimator : 10(mm)   Spin : No",              
"------------------------------------------------------------------------------------",   
"Analyte               TG kV   uA      FI Acq.(keV)  Anal.(keV)  Time(sec)     DT(%)",    
"------------------------------------------------------------------------------------",   
"Na                    Rh 50  419-Auto Al  0 - 20    0.8 - 1.2   Live -  179   15",       
"Channel_info_start",                                                                     
"Channel : Na",                                                                           
"Points : 2048
"Range : 0.000000 - 20.480000",                                                           
"Step : 0.010000",                                                                        
"Channel_info_end",                                                                       
$DATA:
       0    2047
       0       0       0       0       0       0       0       0       0    2048
       0       0       0       0       0       0       0       0       0       0
       0       0       0       0       0       0       0       0       0       0
       0       0       0       0       0       0       0       0       1       2
       9      14      15      19      13      22      12      15      24      24
      20      19      23       9      12      13      10      11      13      11
      17      16      10      15      13      18      10      17      10      12
      17      12      17      13      12      21      16      13      16      19
      13       9      14       9      10      20      17      15      10      12
      13      18      12      19       9      13       9      10       9      17
      12       8      12      14      15      14      16      11      21      15
      14      14      15      19      11      17      12      15      14      13
      12      13      11      22      23      25      25      25      48      49
      58      66     106     109     155     149     162     198     200     200
     180     169     133     112      92      92      64      42      42      36
      35      39      35      43      46      50      57      41      38      61
      50      55      53      48      40      46      42      33      31      47
      37      38      45      38      48      53      43      46      39      39
      35      45      34      25      26      42      39      34      20      32
      20      30      27      26      18      24      36      21      35      27
      35      30      48      35      45      65      67      84      91      97
      90     113     109     106     105      81      75      81      55      53
      34      29      25      28      18      32      21      13      13      21
      23      20      17      15      16      12      18      18      18      22
      16      18      14      14      14      17      16      11      13      16
      16      14      13      15      22      15      17      20      11      21
      21      17      19      11      17      21      12      13      16      15
      17      11      22      21      16      17      16      22      24      20
      24      28      21      10      21      19      16      21      22      26
      20      22      16      21      20      23      19      21      26      28
      12      25      23      27      16      13      19      20      20      12
      12      21      22      20      16      22       8      14      20      23
       7      13      23      23      17      25      17      25      18      16
      17      29      20      22      18      25      18      18      17      21
      13      20      13      17      28      21      20      21      22      20
      30      21      23      34      21      27      24      30      17      19
      26      29      34      39      26      53      44      84      97     131
     176     222     317     369     486     556     659     849     888     978
    1016    1075    1019     996     873     817     723     657     473     432
     305     242     190     147     113      73      70      80      61      50
      54      66      69      79      76      84      79     116     115     140
     144     168     145     152     161     211     166     143     140     124
     107      85      89      77      68      67      42      55      44      43
      38      35      42      29      41      33      44      36      47      41
      48      55      37      59      37      55      54      68      54      73
      57      75      57      85      79      78      88      81      95     109
     104     100     118     124     124     131     118     117     121     103
      96      92     106      79      66      75      73      75      61      65
      76      52      62      77      44      57      62      54      62      53
      58      64      47      56      62      57      62      54      55      43
      55      63      65      47      63      58      65      49      69      58
      49      75      51      55      51      64      51      61      62      55
      64      59      84      55      47      63      71      65      66      95
      63      82      86      78      79      77      89     102      90      89
      78      85      73     100      75      88      81      90     108     123
     100     111     109     124     159     192     183     226     228     294
     372     403     433     572     516     647     688     711     643     698
     672     659     555     589     450     479     374     392     317     243
     231     219     185     169     142     149     131     121     125     115
     115     119     122     117     121     120     116     118     119     132
     123     111      92     141     135     144     132     133     151     153
     159     155     146     148     164     178     202     197     216     255
     293     413     498     709     833    1178    1622    2037    2595    3315
    4283    5422    6352    7847    8638   10409   10990   12456   12927   13869
   13849   14355   13948   13475   12330   11520   10370    9233    7658    6958
    5374    4532    3336    2793    2088    1623    1201     931     660     564
     391     351     267     244     202     202     171     186     155     174
     156     156     148     155     152     182     166     172     166     154
     165     174     168     162     155     196     201     190     195     250
     283     329     348     467     553     818     920    1271    1539    1954
    2405    2931    3573    4229    4584    5606    6233    6914    7278    7922
    8100    8329    8126    8270    8103    7876    7002    6810    6096    5700
    4899    4524    3938    3654    2998    2721    2475    2113    1759    1719
    1443    1355    1036    1003     854     879     869     930     950    1040
    1059    1294    1388    1626    1693    1858    2072    2284    2200    2319
    2420    2499    2376    2217    2120    2122    1798    1627    1455    1287
    1087     994     784     713     514     511     412     355     276     273
     228     190     158     177     158     147     138     116     133     115
     121     114     116     113     142     135     130     128     154     141
     146     162     148     179     155     180     205     203     170     227
     206     245     228     209     200     252     294     315     317     392
     428     515     540     691     674     859     894    1067    1071    1238
    1240    1369    1351    1414    1400    1320    1323    1257    1133    1100
    1084     956     801     760     677     602     473     469     380     372
     298     352     321     344     328     395     428     465     455     506
     534     593     548     606     551     609     574     619     588     605
     523     505     471     464     440     355     353     342     284     264
     290     253     215     220     252     201     242     250     236     243
     240     244     259     223     211     235     212     209     201     175
     164     173     153     170     140     170     123     133     129     113
     119     117     120     129     119     115     132     130     127     125
     116     116      99     120     111     112     101     104     100     111
      83     112     104     121     108     111      99     118     112     114
     104     133     117      93     117     114     124     140     140     137
     123     121     110     127     131     132     127     118     146     138
     130     134     135     134     124     116     144     128     119     133
     132     116     109     108     112     124     121     129     120     121
     132     127     122     101     106     119     137     103     132     121
     119     121     116     125     120     125     101     115      88     121
      97     119     121     126     118     121      97     108      98      93
     107      97     108      95      98     111     123     107      98     106
     111     134     108     104     120     114     109     107     114     118
     105     103     101      92      95     106     105      93     125     111
     108     113     111      93     110     107     121     117     105     114
     100     100     100     102      89      99     103     120      97     108
     100      98      86      98      89     115     105     123      99     111
     104     121     101     108     108     113     111     106      75     116
     101     110      92     105     109     109      85     107     111     100
     107     101     113     121     129     115     102     105     105     121
     111     106      92     107     109      89     104     131     111      97
     100     124     113     111     115     108     110     108      87     117
     107      93     108     110     121     106      82     114      95      91
      77     106     114     106     105     111     106     113     120     110
     106     114     109     100      88      89     117     120      87     105
     113     101      88     101     100     109     104     105      97     107
     110     100      99      83      74     113      91     100      96      99
      90     107      91     111      90      96      89      99     104     107
      88     121      82      83     104     110      93      72      85     104
     105      93      92      92      86     102     101      87      92      93
      98      80     106      86      92      84     106      97     103      99
      90      91      87      95      76     106     105      69      80      86
     117      75      86     105      86     104      96      87      73     107
     110      70     106      95     101      82     112      96      93     103
      93      92      76      78     110      78      89      85      85     102
      83      87      87      81      76      84      81      93      89      89
      91     101      90      71     114     100      83     108      89      98
      95      88      88     107      76     113      90      89     101      83
     100     105     110     106      95      87      86      88      97     104
     102      98      86      97      91      88      80     102     103      77
      93      88      89      95      75      98      80      76      90     106
      77      82     102      95      76      72      65      87     101     103
      85      78      90      87      91     100      81      81      90      91
      79      73      75      73      85      78      85      78      86      93
      73      95      79      93     103      91      99      88      74      85
     107      83      97      80     105     104      92      89      77      88
      75      82      87      88      99      90      92      84      89      82
      82      69     100     105      85      77      75      78      93      80
      84      95      83      67     103      92      78      74      90      84
      81      87      77      76      85      92      86      95      68      79
      71      70      79      83      72      81      90      72      78     104
      76      81      91      85      79      79      83     104      76      66
      82      91      88      75      72      84      82      85      96      79
      79      75      86      71      62      65      83      96      69      74
      77      89      70      85      79      67      72      77      77      70
      96      82      82      80      76      75      91      87      77      71
      74      83      71      73      68      89      75      84      71      92
      79      62      63      80      66      73      82      68      64      78
      69      70      58      65      71      91      64      76      81      69
      76      65      78      75      61      64      86      68      76      78
      78      86      73      72      71      76      64      86      62      99
      62      82      66      85      62      78      66      74      69      79
      79      85      66      66      76      71      84      72      60      67
      73      76      66      70      78      59      69      62      77      71
      67      72      59      58      75      73      74      67      73      75
      59      73      78      72      67      64      73      83      58      67
      83      75      65      57      77      69      72      56      65      72
      56      78      49      77      57      77      69      75      89      61
      54      67      55      71      53      71      57      59      60      62
      66      88      56      60      60      59      73      56      60      74
      66      73      64      60      61      60      68      65      73      63
      54      60      48      63      67      68      74      56      62      66
      73      79      49      55      59      56      65      57      61      55
      54      51      68      68      71      58      66      62      62      71
      85      66      53      62      51      56      63      60      84      67
      73      52      76      66      51      65      55      49      58      72
      56      44      64      51      52      51      57      56      57      62
      60      70      37      49      55      71      65      59      61      83
      55      66      59      69      57      50      75      61      56      70
      68      57      52      56      62      54      64      62      52      55
      56      70      76      69      60      70      63      48      79      60
      60      60      51      59      55      47      62      61      58      51
      43      52      59      70      63      66      60      51      66      57
      47      65      63      57      70      49      56      43      72      59
      56      66      52      64      57      64      48      52      72      52
      57      64      65      57      48      60      54      58      53      53
      42      65      38      66      56      66      42      55      59      52
      61      64      62      58      49      58      56      64      55      55
      69      57      54      61      60      53      53      68      61      58
      63      61      66      76      53      66      75      55      41      61
      54      62      49      70      61      69      49      55      67      57
      61      47      73      47      54      51      70      56      54      57
      63      51      58      64      68      54      67      65      48      70
      55      60      56      50      64      59      71      61      51      57
      59      66      52      56      63      62      63      67      50      64
      59      65      47      76      68      46      64      54      65      57
      46      68      56      57      65      71      56      65      75      64
      64      64      70      74      58      67      83      69      74      77
      81      70      68      84      90      99      88      87     103      87
      75     102      88      86      89      88     103      99     119     103
     110     122     101     137     119     125     132     140     146     149
     148     129     161     153     176     155     173     200     189     193
     220     218     212     215     234     279     260     266     251     287
     271     305     316     350     294     312     333     327     335     313
     372     371     333     378     341     376     358     350     385     342
     358     357     349     363     288     320     379     333     336     324
     325     336     317     299     279     288     274     264     298     300
     268     249     245     228     207     226     197     191     156     208
     183     174     165     150     161     172     158     111     155     131
     138     149     112     120     108     101     127     105     114     100
      73      88      79      76     123      96      85      83      97      97
      63      89     111     120     109     100     129     134     112     111
     131     132     158     162     178     163     176     206     196     203
     216     228     236     227     265     272     288     245     248     270
     262     269     259     237     241     252     243     231     223     185
     175     204     164     160     145     159     132     116     126     100
     107      98      67      73      75      65      69   27531
