$Informacoes da Fluorescencia de Raios-X:
"Sample    : erf3_34708_8p",                                                              
"Operator  : americo",                                                                    
"Comment  : erf3_49.2micromatter",                                                        
"Group     : kerr2007ag180cal_lt",                                                        
"Date       : 2018-04-03 16:06:57",                                                       
"",                                                                                       
"Mesurement Condition",                                                                   
"------------------------------------------------------------------------------------",   
"Instrument : 700HS2   Atmosphere : Vac.   Collimator : 10(mm)   Spin : No",              
"------------------------------------------------------------------------------------",   
"Analyte               TG kV   uA      FI Acq.(keV)  Anal.(keV)  Time(sec)     DT(%)",    
"------------------------------------------------------------------------------------",   
"Na                    Rh 50  393-Auto Al  0 - 20    0.8 - 1.2   Live -  179   15",       
"Channel_info_start",                                                                     
"Channel : Na",                                                                           
"Points : 2048
"Range : 0.000000 - 20.480000",                                                           
"Step : 0.010000",                                                                        
"Channel_info_end",                                                                       
$DATA:
       0    2047
       0       0       0       0       0       0       0       0       0    2048
       0       0       0       0       0       0       0       0       0       0
       0       0       0       0       0       0       0       0       0       0
       0       0       0       0       0       0       0       0       0       2
       6      26      20      19      24      21      18      21      18      26
      26      14      18      29      19      17      13      16      27      16
      11      11      19      13      24      19      24      12      16      16
      18      14      20      24      16      16      13      21      12      16
      21      16      15      19      12      24      14      14      16      12
      19      14      14      20      14      15      14      19      23      19
      25      19      15      17      16      15      22      21      19      27
      23      39      46      46      69      99      95     122     129     134
     145     133     121     117     106      96      81      80      61      53
      55      45      44      43      39      44      36      62      51      69
      70      82     105     176     222     359     422     618     788     979
    1151    1316    1412    1659    1536    1678    1543    1492    1230    1135
     923     730     611     484     314     276     197     194     130     128
     134     116     144     146     133     164     154     159     146     137
     108      93      85      73      70      72      62      59      47      81
      81      80      86      89      81      93      87      81      92      87
      59      74      61      64      60      82      67      84      64      86
      88      84      81      87      87      70      63      68      36      39
      31      26      38      25      24      23      21      21      16      21
      27      13      23      26      19      25      16      25      11      20
      18      14      15      16      18      19      10      14      16      11
      13      13      14      16      18      12      20      22      18      12
      19      15      10      21      15      18      14      13      14      22
      25      20      31      23      22      19      30      28      26      14
      22      26      20      25      27      22      13      18      33      22
      21      18      23      27      16      20      21      21      18      16
      12      13      17      17      19      21      16      16      20      14
      22      25      15      20      11      14      16      12      19      21
       9      16      15      17      19      17      18      23      20      19
      12      19      15      23      22      19      17      19      21      16
      17      19      19      18      25      14      15      17      24      17
      21      18      23      16      17      24      23      16      21      23
      18      21      23      33      44      60      69      63      85     133
     157     217     229     294     393     520     561     749     773     849
     847     956     902     937     807     761     639     559     395     377
     263     236     163     150      93      82      67      47      73      66
      46      52      60      51      59      73      67      76     103     115
     116     126     139     150     156     151     134     118     134     122
     102      97      69      71      52      56      37      42      51      37
      39      34      30      25      28      38      30      32      29      22
      50      35      45      59      54      52      64      51      48      49
      54      65      52      53      69      58      49      57      48      68
      65      43      58      58      64      68      54      66      58      72
      62      62      66      56      58      57      69      62      71      46
      51      56      44      68      55      61      62      59      42      52
      50      39      50      45      48      48      52      46      39      59
      47      36      65      49      51      52      36      46      57      53
      53      46      42      58      47      48      44      59      54      52
      58      69      78      74      63      66      72      86      89      88
     103      79      88      92     103      95      95      99      78      75
      71      67      78      72      62      66      69      65      75      71
      71      69      77      74      55      71      85      68      58      72
      73      70      63      50      57      74      82      64      72      72
      74      69      58      69      62      75      64      67      67      67
      70      76      72      64      78      82      77      75      70      70
      73      83      87      93      84      90      73      84      88      86
      85      77      83     109     111     102     102     118     114     121
     130     153     136     182     186     256     259     279     328     405
     474     486     543     595     618     690     729     681     691     675
     650     596     559     557     453     424     384     344     305     311
     229     200     168     205     162     150     129     170     153     148
     154     152     150     120     130     152     122     149     145     135
     140     137     129     138     133     129     149     123     120     157
     150     137     174     158     151     154     152     141     165     182
     190     179     202     188     216     284     298     358     417     561
     676     873    1166    1444    1855    2444    3068    4025    4782    5935
    6642    8013    9100   10290   10706   12142   12527   13263   12919   13156
   12755   12394   11229   10641    9708    8706    7021    6278    5059    4321
    3540    2905    2224    1831    1351    1061     831     676     510     427
     313     307     254     220     186     191     164     171     163     186
     143     172     136     170     163     148     164     162     149     176
     155     177     126     188     177     160     174     173     168     178
     165     188     194     188     164     191     189     176     198     205
     202     257     271     323     376     477     534     700     873    1098
    1260    1699    1953    2534    2742    3368    3940    4459    4972    5662
    6115    6659    6844    7622    7480    7812    7545    7550    7173    7077
    6374    6128    5598    5311    4580    4214    3876    3447    3037    2734
    2388    2161    1847    1769    1505    1427    1257    1171    1156    1137
    1053    1115    1251    1337    1374    1503    1722    1833    1831    2111
    2110    2254    2116    2214    2221    2224    2009    1960    1838    1753
    1505    1438    1219    1043     889     807     712     606     476     443
     434     324     298     259     213     229     221     211     175     153
     143     162     143     144     156     132     166     153     156     151
     161     168     142     156     179     191     181     178     176     187
     171     182     154     185     171     198     180     169     165     184
     148     181     178     163     178     181     181     189     170     165
     190     191     184     245     230     244     286     322     308     378
     440     499     535     685     700     867     901     970    1035    1128
    1094    1242    1219    1245    1206    1260    1196    1120     979     956
     879     841     713     696     575     508     441     395     355     340
     313     316     319     318     317     328     359     382     398     443
     427     521     497     562     558     557     549     520     547     561
     536     505     459     496     418     355     352     312     311     251
     245     232     179     190     164     159     150     159     169     154
     154     151     157     184     152     196     167     186     162     183
     170     160     143     143     130     165     133     148     126     121
     129     114     128     123     101      92     107      87     117     114
      79      87     101     105     102     101     116     115     100      97
      87      95     113      94      94      99     106      91      89     101
      82     110     100     114     104      91      87      87      91      80
      95     106     103     114     101      98      85      93     101     109
     114     112      85      79      93     114      80      84     101      94
      86      87      94      81     101      97      95      87     101     113
     104     101     101      82     111      96     109     112     108      90
     108     113     102      87      92     108      96     102     101      89
     101      93     101      90      95     113      96     117      91     103
      86     109     100     108      94      90      95      97     100     103
      82     108      98      91      99      89      90      93      99      83
      97     115      92      96     107     113      91     100      97      98
     110     105      89      94     101      95      81     106      90      95
     102     107     102      89      80     120      95     104     107     107
      97     103     106      99      90     108      79     105     104      61
      80      85      95      93      93      88     109     110      95      90
      92      97      89      91      91     105      86     103      79      76
      86      80      89      88      90     100     103      87      92     101
      77      91      70      94      83      75      85      78      81      97
     100      95      96      97      85      79      90      79      74      88
      82      90      96     103      87      87      85      90     100     105
      92      87      78      81      79      83      86      76      78      88
      84      81      79      85      84      85      90      97      84      94
      87      88      91      89      99      88     102      72      89      85
      81      82      63      93     101      83      79      79      99      97
      88     101      90      86      80      75      88      94      93      80
      72      67      91      92      86      89      83      92      74      94
      81      72      89      76      77      78      82      84      89      92
      89      91      79      84      82     104      83      77     119      83
      70      84      77      82      74      85      84      76      83      97
      88      70      84      79     109      88      70      87      83      75
      85      94      85      83      77      67      88      78      72      81
      76      90      87      82      85      79      77      80      89      82
      70      76      89      80      85      80      86      90      66      76
      83      81      80      69      73      78      60      77      56      74
      91      71      69      71      74      75      73      77      88      71
      68      77      84      82      82      80      85      74      79      74
      79      84      77      68      79      85      83      75      79      80
      85      72      69      75      76      78      86      91      89      86
      81      90      74      85      92      74      88     110      87      95
      83      81      75      94      80      83      70      85      75      85
      81      74      83      64      73      87      79      68      60      87
      81      74      74      75      68      88      88      87      74      72
      65      75      84      78      87      72      81      79      66      66
      65      54      75      82      71      75      73      81      69      76
      64      72      70      61      78      71      61      65      78      93
      63      93      69      68      84      77      70      73      68      94
      67      89      74      89      70     101      80      87     100      68
      70      69      82      87      75      95      80      81      84      88
      77      74      68     112      66      73      77      90      89      83
      76      69      58      63      82      56      74      83      73      79
      72      59      74      77      68      75      68      70      84      60
      58      71      74      73      64      69      63      61      75      71
      62      54      58      59      57      66      79      71      69      56
      58      50      68      53      66      63      67      64      56      65
      67      69      65      71      66      66      68      63      61      64
      60      71      71      69      52      75      78      51      83      83
      62      63      57      71      72      65      62      52      62      64
      68      67      68      65      61      54      55      61      56      49
      62      44      77      71      63      70      68      47      63      79
      68      58      58      64      62      74      58      63      82      50
      67      62      52      74      58      68      62      51      62      84
      60      66      55      43      66      71      56      60      55      59
      70      51      51      66      55      71      65      49      52      71
      69      61      61      66      50      70      55      72      63      60
      57      55      50      72      57      55      51      61      49      53
      71      67      67      62      62      63      67      63      49      66
      64      57      66      51      59      50      63      59      65      59
      53      46      60      57      56      53      65      77      52      59
      42      47      53      38      61      57      56      66      63      57
      60      42      67      54      53      59      55      71      51      62
      52      46      56      44      52      64      48      56      53      48
      60      55      69      58      68      54      56      44      53      67
      47      51      53      58      54      69      64      55      61      56
      59      60      56      59      44      55      61      65      63      67
      53      47      44      53      47      63      55      52      48      46
      58      59      44      65      45      58      54      54      46      61
      46      54      63      53      49      55      63      60      50      58
      64      66      60      62      63      56      44      42      61      45
      56      52      58      51      46      50      57      49      55      51
      65      66      56      58      54      62      65      61      57      55
      59      53      59      77      38      61      43      75      52      69
      56      62      64      63      73      60      46      80      65      61
      67      65      63      70      47      54      51      77      54      65
      65      65      72      58      71      80      72      67      50      70
      67      75      51      64      64      68      80      65      62      79
      75      91      69      86      78      66      71      75      94      92
      76      69      93     105      87     102      92      94      98      91
     104     106     112     110     117     145     117     133     130     159
     151     147     154     172     173     154     170     219     168     178
     202     188     228     236     251     252     231     247     267     268
     257     290     268     317     306     322     322     309     300     315
     345     342     325     312     336     314     349     380     371     321
     335     357     349     340     349     358     327     339     293     351
     327     316     284     290     300     255     305     266     285     257
     226     230     243     229     223     199     224     201     179     189
     169     161     150     133     177     179     139     148     133     132
     115     120     108     125     103      88     112     117      87     104
      92      93      75      76      92      82      81      90      82      86
      73      84     108      98      98      76     101      91     122     119
     130     127     154     161     177     176     175     161     184     198
     187     188     224     241     248     232     257     221     235     214
     261     258     264     229     235     230     209     210     208     199
     170     180     180     165     146     126     140     119     106     101
      94      84      69      81      85      90      69   26179
