$Informacoes da Fluorescencia de Raios-X:
"Sample    : ndf3_34702_8p",                                                              
"Operator  : americo",                                                                    
"Comment  : ndf3_46.1micromatter",                                                        
"Group     : kerr2007ag180cal_lt",                                                        
"Date       : 2018-04-03 15:39:46",                                                       
"",                                                                                       
"Mesurement Condition",                                                                   
"------------------------------------------------------------------------------------",   
"Instrument : 700HS2   Atmosphere : Vac.   Collimator : 10(mm)   Spin : No",              
"------------------------------------------------------------------------------------",   
"Analyte               TG kV   uA      FI Acq.(keV)  Anal.(keV)  Time(sec)     DT(%)",    
"------------------------------------------------------------------------------------",   
"Na                    Rh 50  548-Auto Al  0 - 20    0.8 - 1.2   Live -  180   15",       
"Channel_info_start",                                                                     
"Channel : Na",                                                                           
"Points : 2048
"Range : 0.000000 - 20.480000",                                                           
"Step : 0.010000",                                                                        
"Channel_info_end",                                                                       
$DATA:
       0    2047
       0       0       0       0       0       0       0       0       0    2048
       0       0       0       0       0       0       0       0       0       0
       0       0       0       0       0       0       0       0       0       0
       0       0       0       0       0       0       0       0       0       1
      11      21      15      27      18      24      24      31      21      26
      26      22      25      31      21      24      22      19      27      23
      19      17      11      28      25      28      15      19      19      27
      18      27      28      23      23      25      29      30      28      33
      38      21      38      39      39      52      34      37      41      43
      38      26      25      26      39      27      36      34      43      52
      43      64      69      85     104     149     153     199     204     250
     258     240     228     242     228     213     153     160     129     107
      81      92      71      66      82      68      54      70      79      94
      79      81      88      75      73      81      68      90      80      79
      76      82      79      66      59      66      50      61      53      54
      41      49      36      26      33      37      27      31      31      23
      26      39      27      39      29      23      28      41      21      28
      32      30      16      37      19      31      39      32      29      31
      29      34      28      42      29      30      37      34      30      32
      38      31      23      47      26      31      29      38      27      35
      43      54      50      52      61      64      90      97      93     115
     113     123     105     108     129     105      95      82      64      62
      56      42      33      39      38      33      25      31      30      22
      24      25      27      26      19      29      24      26      22      21
      27      29      19      34      23      22      19      24      27      28
      26      18      16      24      28      17      27      25      17      26
      26      19      25      29      19      25      16      23      26      24
      23      14      28      29      29      25      23      21      21      30
      26      26      29      28      24      34      28      26      26      33
      34      46      25      36      42      37      40      30      33      23
      22      30      36      42      21      32      29      27      29      23
      31      30      25      21      18      21      23      39      32      24
      28      22      28      31      33      32      21      34      26      32
      16      37      36      28      35      40      31      21      30      40
      27      36      27      37      39      31      35      56      47      41
      55      51      64      86      85      89      92     103     123     146
     132     137     139     114     125     122     138     165     156     203
     238     313     378     484     612     712     833    1047    1132    1306
    1249    1331    1296    1281    1191    1024     930     845     611     552
     389     331     266     183     171     132     111     126     109      97
      88     122     105     125     132     173     157     182     184     230
     208     244     228     259     231     244     202     236     206     168
     148     132     113      89     119      95      79      73      70      59
      61      69      58      68      54      71      57      76      58      75
      82      81      76      93      78      93      81     113     101     104
     103     137      95      85     124     122     117     125     123     143
     144     149     178     167     210     233     239     348     379     463
     487     552     602     640     690     750     692     699     682     685
     603     559     441     443     370     345     261     224     207     196
     151     168     163     147     127     141     114     130     141     113
     120     114     131     130     130     142     134     145     146     173
     143     166     198     204     222     250     285     408     510     665
     850    1334    1535    2097    2793    3732    4682    5981    6999    8802
    9919   11772   12266   13998   14431   15533   14623   15582   13632   13354
   11499   10748    9073    7972    6288    5317    4077    3355    2286    1855
    1333    1000     698     542     410     345     251     221     191     197
     162     184     195     190     215     250     269     328     381     509
     674     841    1123    1601    2026    2623    3141    3898    4712    5905
    6142    7369    7935    8635    8680    9481    9330    9382    8663    8653
    7905    7332    6423    6074    5375    4743    4080    3522    3115    2791
    2318    2146    1718    1525    1273    1128     992     906     851     848
     867     946    1026    1207    1265    1515    1711    1960    2202    2287
    2270    2570    2560    2510    2471    2408    2198    2098    1884    1754
    1454    1294    1050     968     776     631     446     445     347     308
     272     221     200     212     182     201     186     175     201     219
     211     225     222     249     211     264     269     291     321     362
     370     461     508     642     621     840     873     991    1085    1259
    1282    1362    1338    1432    1485    1344    1262    1246    1173    1120
     926     907     836     746     623     528     495     482     363     381
     383     440     428     443     482     564     581     639     668     677
     680     746     722     689     702     672     675     646     597     510
     518     477     360     370     365     321     284     266     235     222
     228     241     232     264     239     246     228     237     183     210
     214     186     182     152     166     164     162     121     134     127
     129     128     130      84     118     126     112     130     109     117
      93     108     115     122     147     133     127     119     138     134
     116     138     138     129     125     115     125     130     128     133
     128     131     143     166     135     144     146     139     164     136
     156     159     166     154     158     167     160     178     154     179
     171     168     150     170     189     189     190     198     165     179
     192     191     187     206     164     201     193     219     233     223
     226     253     235     244     222     248     263     269     250     268
     235     246     253     293     247     230     208     229     200     211
     188     188     182     171     150     162     132     154     155     141
     128     153     125     136     137     147     142     121     127     128
     127     115     121     115     137     125     119     149     141     127
     122     137     126     167     150     159     149     179     168     191
     175     182     173     230     189     226     219     205     200     226
     195     201     207     187     201     197     169     184     146     192
     173     148     161     182     126     145     127     145     151     170
     132     152     166     158     124     147     149     144     149     146
     132     144     147     120     145     130     125     147     132     121
     135     138     123     120     111     133     137     135     110     123
     145     130     128     136     129     105     124     121     128     115
     128     143     125     155     138     123     139     142     147     153
     137     142     146     148     161     162     136     154     151     139
     141     155     167     160     138     144     159     155     149     156
     165     169     167     172     132     148     146     163     131     168
     158     145     160     151     148     161     137     145     131     145
     151     141     143     125     146     144     142     152     151     149
     144     147     161     125     137     145     135     150     163     170
     166     165     148     136     135     165     130     144     165     142
     142     156     131     137     135     142     159     137     151     119
     139     137     145     133     143     155     134     150     126     148
     156     138     110     135     126     131     132     166     134     148
     135     150     138     148     124     129     146     136     144     157
     130     147     150     147     141     130     165     131     123     122
     133     126     131     133     129     130     129     116     136     134
     137     114     131     124     131     132     105     139     120     127
     133     120     128     118     136     132     131     144     131     123
     121     127     131     117     129     121     131     137     145     137
     138     129     118     156     127     121     129     120     145     152
     132     156     136     148     138     119     134     126     117     115
     126     110     114     108     115     139     118     138     122     117
     116     105     116     121     119     120     130     125     111     141
     103     122     120     104     128     132     106     132     117     132
     134     135     125     145     120     125     141     137     107     147
     135     120     118     141     103     133     125     119     117     115
     101     110     126     126     114     147     108     129     120     137
     106     122     113     118     114     123     126     121     116     147
     116     138     118     139     109     105     118     114     114     111
     106     124     104     126     133     121     124     107     108     128
     103     132     118     106     125     136     131     111     114      93
     104     117     123      92     120     131     114     123     104     117
     108     114     118     123      97     122     123     116     111     116
     115     128     102     117     115     129     111     105     124     124
     118     121      97     122     124      95     110     110     103     102
     118      98      95      95     120     109     119     106     108     106
      98     126     117     126     106     123     111     105     122     137
     127     115     105     109     105     106      91     126     117     126
     107     101     121     108     107     124     121     122     105     108
      86     109     111      98     121     114      87     104     112     112
     112     105     101     107     109     103     107      93     106     102
      92      97     104     115     119      96     123     121      92     103
     118     104     101     110     105     114      88      93     106     113
     107     103      96     117     102      98     101     111      92     101
      91     104     108      92     106      97      95      82     103     122
     121     112     108     102     117      99     109      91     124     121
     119      95     115     115      97      90     108      88      96      92
     103     109     105      80     101      98      95     112      99      82
      81     101     101      89      94     110      90      98      87      92
     108      98      81      84     110     115      96      96     116      96
      86     103     103      94     103     110     121      92      83      90
      98     106     105      87     103     106      86     105      94      98
      82      89     106      95      93      80     108      86      99      96
      95      89      89      94     106     108      93      73      80     105
     102      95      92      83      90      90     104     101      98      90
      77      88      96      82      89      99      98     106      79     107
      93      95     101      92      96      96      63      97      80      84
      86      94      87      99      92      99      97     116      94      84
      86      84      98     104      75      85      97      90      79      97
      98      89      82      96      82      81      74      80      90      89
      86     103      79      87      93      95      70      91      92      92
      91      87      81     111      75      86      68      97      91      80
      78      91      87     108      94      62      89      86      91      93
      86      74      75      70      78      81     103      70      77      95
      81      86      89      89      76      97      91      70      98      73
      83      86      85      87      81      84      71      78      87      93
      93     106      92      87      82      83      71      83      76      92
      94      83      73      84      82      76      84      80      79      78
      79      98      82      93      73      70      77      80      72      70
      94      79      83      72      87      73      83      77      80      72
      87      95      73      72      83      73      73      96      72      79
      86      91      80      74      88      75      65      80      90      84
      77      80      80      70      74      99      89      77      68      82
      78      66      76      69      77      74      72      67      84      81
      80      84      84      79      81      67      83      76      61      54
      84      69      70      82      74      71      81      74      64      79
      75      74      83      62      88      85      70      79      72      77
      69      66      65      72      75      85      80      76      73      96
      81      87      80      90      81      75      78      64      75      73
      87      75      73      62      75      67      66      83      52      75
      61      78      68      73      69      61      70      72      78      86
      65      91      69      78      87      72      75      82      95      74
      64      55      74      91      72      64      67      77      80      67
      73      77      86      65      77      69      76      59      80      76
      68      68      78      67      47      65      70      69      74      82
      83      79      57      88      76      79      81      65      76      77
      72      81      71      85      76      71      76      72      80      66
      64      82      82      76      88      78      65      74      84      83
      77      73     113      80      71      74      79      81      62      57
      77      72      76      74      84      78      76      87      74      82
      70      87      81      69      81      74      89      72      74      62
      64      70      86      79      79      86      65      74      85      74
      69      82      85      79     102      67      89      85      84      80
      85      79      75      79     105      89      81      76      71     107
      92      99     108      85      96      84      87      79     104     112
      96     121      88      96     109     105     113     113     103     105
     119     123     132     104     123     125     127     146     141     118
     138     159     158     160     166     184     162     176     192     182
     190     197     233     247     238     230     255     265     265     265
     275     280     287     283     325     337     342     335     348     361
     369     359     396     393     411     459     429     432     414     468
     472     474     477     454     453     466     497     474     557     471
     436     504     470     470     426     471     444     427     444     433
     412     473     446     392     392     408     329     374     354     342
     337     315     320     307     295     292     275     262     237     251
     240     239     213     240     199     212     166     177     184     141
     145     167     139     167     125     146     132     128     117     127
     119     112     126     105     107     142     101     111      82     114
     120     110     123     111     105     125     143     153     136     176
     151     173     162     165     173     235     193     227     236     244
     244     298     280     287     293     285     343     321     301     309
     321     307     287     271     278     272     276     289     249     238
     217     232     227     193     174     191     157     167     128     145
     126     117     116     110      77      89      95   36823
