$Informacoes da Fluorescencia de Raios-X:
"Sample    : laf3_34700_8p",                                                              
"Operator  : americo",                                                                    
"Comment  : laf3_53.1micromatter",                                                        
"Group     : kerr2007ag180cal_lt",                                                        
"Date       : 2018-04-03 11:25:50",                                                       
"",                                                                                       
"Mesurement Condition",                                                                   
"------------------------------------------------------------------------------------",   
"Instrument : 700HS2   Atmosphere : Vac.   Collimator : 10(mm)   Spin : No",              
"------------------------------------------------------------------------------------",   
"Analyte               TG kV   uA      FI Acq.(keV)  Anal.(keV)  Time(sec)     DT(%)",    
"------------------------------------------------------------------------------------",   
"Na                    Rh 50  545-Auto Al  0 - 20    0.8 - 1.2   Live -  180   15",       
"Channel_info_start",                                                                     
"Channel : Na",                                                                           
"Points : 2048
"Range : 0.000000 - 20.480000",                                                           
"Step : 0.010000",                                                                        
"Channel_info_end",                                                                       
$DATA:
       0    2047
       0       0       0       0       0       0       0       0       0    2048
       0       0       0       0       0       0       0       0       0       0
       0       0       0       0       0       0       0       0       0       0
       0       0       0       0       0       0       0       1       0       2
      16      26      30      22      32      23      20      37      20      26
      25      23      24      23      23      20      22      28      20      37
      26      21      23      31      24      21      27      34      25      28
      41      24      39      41      29      34      26      19      27      38
      26      19      27      21      28      19      35      36      38      56
      44      56      70      81      63      64      74      81      69      80
      54      49      63      53      26      41      41      51      32      37
      54      49      69      51      60      57      65      72      60      68
      71      51      65      65      54      54      68      56      35      49
      43      50      45      37      29      23      35      40      31      37
      29      36      25      38      22      29      22      19      32      23
      38      30      25      35      30      35      28      41      31      35
      31      31      44      30      24      26      26      41      39      21
      34      17      26      42      27      32      37      43      29      37
      37      41      35      35      35      50      41      34      37      41
      28      37      22      55      32      35      40      30      48      53
      37      43      51      63      79      78      96      74     103     120
     109     131     122     138     122     113      95      88      60      60
      59      52      37      38      32      25      28      31      31      27
      29      26      29      35      30      19      29      27      32      37
      19      30      25      41      41      27      31      32      32      36
      41      32      40      37      40      29      26      24      28      27
      34      31      27      32      25      34      23      34      32      25
      14      32      36      47      34      22      53      37      36      49
      40      39      36      35      46      37      37      48      47      46
      56      51      60      68      68     101      89     105     102     140
     133     161     134     162     129     137     118     109      82      80
      71      56      52      51      32      35      41      39      31      30
      49      35      45      32      34      48      38      37      45      35
      50      56      47      53      62      60      68      67      80     110
      89      87      90     115      73     101      77      77      73      72
      58      68      70      74      63      51      56      51      50      68
      67      52      58      71      71      75     110     123     140     204
     257     340     403     534     661     759     883    1120    1226    1305
    1256    1397    1331    1389    1178    1166     989     818     652     545
     425     361     257     234     152     150     124     105      97     127
      97     145     110     111     124     146     148     182     185     231
     244     291     281     395     330     402     406     432     544     569
     551     598     670     747     687     678     648     617     558     510
     457     438     339     325     278     256     205     179     148     176
     136     155     125     141     145     155     157     132     185     179
     171     183     192     220     226     210     301     321     372     436
     491     674     805    1081    1375    1903    2424    3408    4003    5291
    6454    7896    8958   11089   11754   13256   13375   14540   14162   14462
   12912   12403   11120    9855    7922    6822    5576    4615    3265    2524
    1849    1370     937     725     502     402     307     270     287     308
     342     414     562     714     893    1322    1644    2158    2656    3488
    4213    5106    5770    6812    7480    8362    8310    9077    8994    9077
    8448    8750    7365    7067    6111    5673    5001    4475    3625    3414
    2843    2483    1954    1744    1432    1305    1055     978     847     872
     829     936    1015    1200    1318    1543    1674    2006    2023    2223
    2407    2473    2338    2385    2246    2219    1859    1749    1488    1324
    1027     988     779     693     447     413     305     298     207     227
     200     197     175     194     198     214     226     239     257     305
     354     401     481     593     622     805     879    1047    1071    1185
    1163    1361    1262    1364    1247    1256    1032    1033     976     865
     693     655     511     503     384     351     333     354     350     366
     418     448     498     540     587     633     595     679     717     715
     693     698     659     675     613     550     515     446     415     369
     352     327     292     284     261     270     241     240     244     278
     247     224     227     225     216     191     199     164     177     183
     178     177     185     187     169     174     161     162     172     145
     151     133     135     145     161     154     144     128     139     142
     138     163     143     154     143     169     118     126     151     134
     135     145     152     127     132     141     150     164     126     141
     135     135     126     140     134     128     136     137     172     145
     127     137     146     132     106     132     147     113     124     126
     124     131     123     121     118     109     125     117     109     130
     115     130     130     120     136     113     100     122     112     116
     126     130     103     116     114     109     106     136     126      97
     141     146     138     125     123     145     130     136     140     117
     138     131     140     140     123     140     118     142     177     137
     143     127     161     134     138     138     154     150     142     151
     162     155     160     159     163     174     147     150     182     168
     155     177     187     173     175     171     189     175     162     175
     188     203     155     177     199     193     184     203     184     193
     208     187     188     207     207     185     181     204     207     210
     207     228     213     224     220     235     229     229     237     248
     221     238     229     206     218     220     231     191     184     158
     170     172     147     166     143     138     163     148     137     131
     127     169     127     152     145     130     121     147     119     150
     113     160     133     128     132     153     146     151     126     168
     166     145     151     176     163     168     172     179     145     162
     193     185     204     187     201     214     201     222     195     207
     220     206     187     201     163     211     179     179     156     189
     153     182     149     172     135     156     162     150     160     159
     137     139     154     158     133     152     171     157     147     161
     136     157     127     144     126     148     129     141     132     148
     130     170     139     143     166     144     115     139     148     155
     137     137     146     132     152     145     149     136     152     150
     151     148     139     155     135     149     179     155     179     175
     137     191     135     154     160     170     138     155     156     163
     145     177     147     151     151     170     146     163     145     169
     188     150     167     168     173     176     169     196     170     175
     157     151     145     148     149     190     169     171     173     180
     183     164     164     158     128     150     118     146     135     168
     148     146     163     163     148     157     147     139     148     139
     133     152     136     136     177     157     133     162     148     159
     150     123     143     170     125     151     166     135     143     118
     153     152     132     145     159     158     140     144     133     136
     139     128     139     156     134     148     154     141     112     109
     114     128     114     138     156     137     139     124     136     118
     120     129     133     124     130     125     132     149     131     100
     128     136     123     127     124     149     124     136     137     121
     129     143     133     122     125     137     110     138     132     134
     124     127     136     125     140     145     115     138     135     119
     123     135     112     133     106     124     140     132     112     136
     121     150     136     126     163     132     138     101     132     134
     136     128     134     142     112     136     130     156     138     140
     154     146     128     109     115     126     130     129     121     137
     132     137     150     141     108     125     131     119     128     147
     119     147     109     107     141     119     133     135     144     130
     119     145     131     135     116     142     116     119     124     133
     129     126     115     111     125     107     123     135     145     133
     140     139     133     123     133     108     114     140     104     129
     141     120      96     115      91     114     116     131     126     126
     124     105     122     121     109     115     119     135     129     119
     113     116     115     121     109     120     114     133     142      95
     132     103     118     107     115     113     128     116     103     119
     120     122     123     114     139     115     125     118      96     105
     112     106     106     111     104     109     106     113      93     100
     110     116     112     106     111     125     107     109     125     110
     114     115     111     112     103     118     108     125     118     118
     119     119     114     129     102     116     106     121     107     110
     110     113     111     104     117      97     109     110     107     103
     119     121     113     104      92     111     111     103     113      98
     110     112     129     107     110     107     101     115     120     123
     123     107     109     109     104     110     122     103     105     106
     103     100     101      97     116     121      98     125     112     117
     126     114     111      96     103     116      92     105     129     104
     101     110     129      92      98     111     120     116     100     133
     106     110     114      96     111     134     116     112     110     107
     113     110     105     103     112     116     105     104      91     112
      86     106     106     101     111      97     110     114     109      90
      96     106     120     117     108      94     100      98     108      96
      95     112      96     104     119     118      78     105      93      92
     100     125     120      95     113     100     106     100      93      93
     103      83      95     106      81      95      98      96     114     109
      94      82      83     113      83     112     104     110      73     104
      92     122      89     104      91      96     107      85      96      94
     100     107     103      95      86      80      84      92      91      97
     109      95      88      97     111     122      77     104      91      90
      94      89      76      88      88      91      98      96      84      81
      85     111      87      84      92      93      95      88      89      95
     104      90     106      93      81      80     102      88     103     111
      93      90      86      87     106     100      89      88      88     102
      90      78     104      71     104     103      87      98      89      90
      90      87      97     108      88     100      97      82      91      89
      96     105      85     106      86      77      90      72     102      86
      97     105      96     102      89     101      85      81      97      84
      86     103      69      94      97      87     102      96      85      88
      92      81      74      85      85      78      72      83      95      85
     104      89     103      83      88      88      78      92      68      76
      76      85     100      68      83      93     102      87      92      91
      95      86      83      83      74      93     107      94      84      80
      72      85      78      89      72      96      81      77      88      97
      76      83      81      74      73      80      77      96      75      56
      71      78      72      77      79      96      78      88      89      82
      85      90      84      90      74      81      89      82      73      81
     103      79     100      82      67     101      79      82      73      92
      77      94      75      67      77      78      91      80      71      64
      73      73      80      80      81      76      57      70      94      82
      79      83      70      80      62      79      92      86      75      82
      88      80      79      89      70      86      81      72      70      87
      70      97      84      71      77      90      79      87      71      75
      67      85      69      89      78      80      80      68      87      70
      81      97      78      78      75      78      66      94      80      70
      71      82      83      66      80      81      75      65      84      83
      70      78      66      81      73      73      72      86      70      71
      87      55      64      63      75      81      64     105      67      84
      82      73      79      76      77      58      72      83      76      77
      74      75      70      78      67      70      74      63      78      72
      73      83      70      78      63      75      81      60      59      83
      82      57      88      85      71      77      85      74      80      83
      66      77      71      76      75      65      78      64      65      77
      91      91      80      77      67      78      66      61      68      64
      73      65      87      81      72      79      77      77      61      77
      65      78      68      95      73      73      64      71      82      72
      70      73      88      85      84      76      77      76      83      77
      94      80      68      62      89      83      80      78      81      80
      76      69      76      82      82      93      96      76      87      96
      87      93      70      98      84      92     108      93      90      98
      77      81      94      90      93      88      97     102     115     106
      91      96     122      96     114     121     104     113     118     129
     125     132     132     132     102     132     131     160     136     146
     144     141     135     151     163     158     183     172     217     195
     191     198     221     222     212     240     225     238     258     283
     264     288     282     316     332     329     324     348     360     375
     361     371     377     439     382     417     459     463     464     468
     497     498     495     497     480     519     457     485     503     490
     493     487     499     478     483     471     481     457     472     457
     442     422     405     435     414     412     387     371     391     370
     335     344     369     331     310     326     289     316     245     219
     233     268     237     222     245     234     197     198     191     186
     176     182     152     161     151     106     128     123     111     122
     121     127     128     101     118     104     111     113      98     121
     120     105     106     117     137     114     137     161     138     160
     154     188     166     184     199     206     227     231     262     281
     300     285     301     332     272     287     326     333     309     327
     319     308     329     323     322     270     275     266     262     244
     222     235     256     213     215     159     155     151     143     128
     119     130     113     100     100      81      86   44953
