$Informacoes da Fluorescencia de Raios-X:
"Sample    : tlcl_34714_8p",                                                              
"Operator  : americo",                                                                    
"Comment  : tlcl_44.8micromatter",                                                        
"Group     : kerr2007ag180cal_lt",                                                        
"Date       : 2018-04-03 16:39:15",                                                       
"",                                                                                       
"Mesurement Condition",                                                                   
"------------------------------------------------------------------------------------",   
"Instrument : 700HS2   Atmosphere : Vac.   Collimator : 10(mm)   Spin : No",              
"------------------------------------------------------------------------------------",   
"Analyte               TG kV   uA      FI Acq.(keV)  Anal.(keV)  Time(sec)     DT(%)",    
"------------------------------------------------------------------------------------",   
"Na                    Rh 50  309-Auto Al  0 - 20    0.8 - 1.2   Live -  180   14",       
"Channel_info_start",                                                                     
"Channel : Na",                                                                           
"Points : 2048
"Range : 0.000000 - 20.480000",                                                           
"Step : 0.010000",                                                                        
"Channel_info_end",                                                                       
$DATA:
       0    2047
       0       0       0       0       0       0       0       0       0    2048
       0       0       0       0       0       0       0       0       0       0
       0       0       0       0       0       0       0       0       0       0
       0       0       0       0       0       0       0       1       0       2
      13      19      35      20      23      23      29      26      12      34
      38      32      31      37      35      35      43      67      73      71
      68      71      81      84      87      69      75      82      77      70
      84      69      74      83      70      54      49      53      33      29
      40      32      26      23      27      34      31      37      23      35
      40      34      41      34      39      49      33      39      46      58
      29      45      36      34      34      29      30      30      21      27
      25      36      28      35      30      24      28      30      37      28
      29      22      19      35      16      24      29      26      26      22
      20      38      26      40      25      18      31      32      27      30
      25      22      22      44      25      26      27      29      26      36
      23      21      23      34      36      30      24      32      30      31
      26      31      25      34      26      35      31      30      35      27
      36      40      27      41      33      42      39      59      59      55
      68     104     126     163     190     202     221     295     247     285
     244     238     243     221     182     207     132     123     130     140
      94     127     111     136      92     147     138     132     135     161
     143     196     174     201     210     218     217     243     208     230
     207     243     254     261     254     305     282     369     396     523
     676     916    1054    1509    1771    2103    2409    2903    3049    3374
    3279    3507    3408    3426    3270    3144    2997    2935    2601    2702
    2283    2099    1678    1547    1260    1103     793     666     440     402
     307     328     289     358     357     489     527     659     725     932
     956    1091    1104    1151    1124    1171     996     831     709     635
     467     411     283     201     160     145     136     122     131     114
     154     166     164     168     188     159     149     127     113     138
     116     103     107     109      96     115      85     136     125     124
     135     135     139     127     117     122      97     109      94      99
      79      63      52      61      37      45      29      35      34      35
      22      20      24      26      23      14      18      20      22      35
      18      24      20      20      26      30      16      27      32      27
      37      16      22      23      35      25      31      25      24      37
      18      24      24      31      34      39      40      62      55      84
     124     171     204     264     282     400     442     543     554     664
     659     744     703     692     582     551     491     436     307     252
     201     155     120     102      65      57      48      44      41      35
      36      48      39      50      41      47      62      71      84      73
      89     105      76     100     101     115      94      93      95      89
      77      57      51      58      38      28      23      32      28      24
      26      33      17      22      20      16      29      18      25      33
      17      23      29      16      23      34      34      27      36      37
      32      39      33      29      31      33      38      31      41      39
      32      45      44      55      38      41      42      33      32      50
      44      48      33      48      38      35      38      40      57      34
      45      49      36      30      32      25      41      40      30      38
      32      34      32      34      37      46      38      50      42      36
      23      57      50      59      37      52      49      38      41      48
      37      46      39      36      37      38      35      33      32      44
      34      44      25      46      31      44      40      27      31      47
      36      36      37      42      35      44      35      45      39      47
      44      47      49      51      54      45      42      50      49      68
      64      81      67      67      71      76      58     111      93      83
      95      94     115     102     103      98     100     103     121     105
     104     124      98     118     102     107     107      89      93      95
      86     105      85      84     104      79      72      86      90      92
      79      94      67      75      61      71      58      74      67      63
      68      62      94      69      56      71      78      55      60      66
      71      81      59      89      90      70      72      72      65      79
      61      65      82      57      60      81      65      47      61      75
      69      76      75      78      80      69      74      71      86      83
      80      80      72      71      90      74      81      84      81      76
      80      71      78      70      81      81      62      78      69      79
      68      97      81      93      76      84      68      71      58      73
      64      89      84      69      84      83      73      73      85      92
      59      72      77      79      74      71      82      76      77      86
     100      79      80      93      78      86      87      83      67      79
      71      88      83      75      75      85      76      84      67      84
      73      81      53      82      90      69      83      89      86      86
      80      85      79     103      89     100      87      94      87      95
      91     104      87      96      86     100      97      99     114     100
      84      97     118     112     111      82     100      92     101     114
     114      95     104     106     104     104      94      98     114     101
     105     118     115     108     101     108      82     121      87     110
      85     126     109      82      99     108     100     106     121     111
      70     104      94     111      91      86      99     117     101     111
     100     107      92     111     116     114     111     109      85     109
     112     116      94     126      95     118     104     123     123     149
     125     165     151     155     147     164     162     173     154     174
     163     152     164     153     138     151     156     127     126     136
     120     132     114     106     101      92      89     101     120     109
     115     114     106      98      94     108     106     119     122     115
     119     125     132     127     109     111     115     121     111     108
     121     108     130     101     126     127     145     124     135     136
     137     155     160     156     159     164     164     163     170     156
     163     158     161     144     152     144     139     156     131     118
     142     164     142     190     191     177     197     213     232     308
     320     400     421     445     459     532     559     606     600     635
     651     622     625     577     591     536     457     492     442     397
     350     331     268     250     240     197     186     190     146     153
     131     123     101     107      97     132     110     115     101     103
     133     124      90     105     107      90      94      81      78     102
      98     100      88      82      99     108     111     101      85     101
      95      89     100     110      86      94      96     101      94      92
     106     104     109     107      89     103     105     107     109     103
      94      87     116     127     111     111      85     103     108      97
      96     121     105      92     101     108     114     133     115     106
     103     143     124     127     133     127     140     144     149     147
     200     194     197     221     250     271     321     385     446     557
     650     785     955    1207    1426    1709    2107    2526    2773    3296
    3765    4470    4722    5733    6102    6983    7056    7989    8206    8869
    8648    9122    9013    9248    8616    8634    8256    7871    7010    6841
    5898    5664    4542    4277    3529    3126    2523    2229    1759    1529
    1151     937     756     596     518     403     314     274     242     218
     161     176     121     154     140     155     104     110     111     131
     112     127      89     106     106     100      94     103     103      91
      94      87      84     117      95     106     103     144     118     121
     126     124     128     140     139     155     157     174     159     188
     205     215     189     229     223     205     208     220     188     215
     180     177     162     185     149     159     144     118     128     129
     116     135     112     118     111     122      97      84     109      91
      96      80      84     112      95     112      73     104     102      85
      94      93     102      90     105      91      85      83      87      98
      93      80      85     103      81     115      93     102      95      89
      93     103      97      92     100     103      87      99     109      93
     135     125     139     137     143     180     162     166     202     216
     213     223     257     265     296     317     343     365     341     407
     401     399     423     503     430     500     504     491     478     528
     520     534     566     565     552     617     660     727     821     859
     947    1157    1299    1566    1686    1922    2323    2681    2751    3219
    3559    3914    4076    4631    4878    5276    5224    5477    5629    5841
    5657    5851    5500    5568    5199    5024    4655    4661    4044    3800
    3618    3310    2898    2659    2369    2173    1830    1545    1496    1228
    1102     981     830     764     670     607     542     472     404     412
     386     385     343     336     368     322     317     333     315     323
     343     300     301     298     299     292     268     277     245     256
     232     200     194     184     196     192     177     166     145     139
     128     130     124     141     126     102     124     115      87     106
      87     106      86      81      85      98      77     107      94     102
      73      76      78      98      72      89      76      66      72      76
      85      73      71      82      74      78      75      64      65      49
      66      62      58      68      69      67      57      69      62      60
      86      69      62      69      65      79      71      69      54      63
      62      74      65      60      58      62      76      73      53      61
      64      61      65      62      61      70      54      60      84      59
      75      77      78      60      56      56      73      86      71      75
      86      78      86      85      89      98      85      93      94      90
      94      95      93      94      96      88     101     104      71      98
      96     101      91      88      96      84      87      86      94      87
      82     105     116     129     125     125     153     209     205     237
     278     309     351     407     450     494     553     584     632     638
     738     735     795     831     805     862     893     862     847     836
     919     802     771     764     714     617     602     580     518     476
     409     445     330     338     290     260     255     247     232     253
     240     212     196     235     232     241     227     264     248     274
     302     276     292     292     286     302     286     325     299     297
     283     299     260     250     259     243     243     213     194     183
     175     151     143     133     125     117     113     108      88      91
      88      92      83      54      85      80      65      61      72      69
      68      67      64      60      55      64      54      62      56      61
      69      74      55      66      75      74      70      84      75      79
      78      71      98      68      70      77      71      80      78      84
      73      71      67      70      69      74      74      70      73      83
      50      43      66      63      56      63      71      68      41      50
      46      58      57      48      55      47      44      48      46      46
      43      58      53      42      54      58      55      53      30      51
      35      63      53      58      43      64      47      56      43      60
      51      45      57      48      42      43      43      57      50      49
      49      46      59      53      41      43      30      58      43      50
      38      45      53      42      52      49      37      52      34      47
      41      55      39      38      50      51      47      45      53      56
      45      52      76      57      56      48      52      51      34      52
      55      42      36      43      47      48      45      51      47      48
      44      48      43      47      57      37      47      47      49      43
      44      46      47      47      45      40      37      32      38      44
      53      50      44      50      52      50      41      49      45      60
      42      51      40      40      49      46      41      37      46      46
      42      39      45      47      39      45      49      35      39      33
      42      43      48      39      50      43      50      39      41      35
      42      45      46      39      55      41      43      49      53      50
      36      48      44      48      37      38      46      47      44      52
      54      37      35      45      56      40      36      43      38      51
      33      39      49      43      40      48      29      55      46      36
      52      45      50      44      49      42      53      40      38      40
      53      43      43      45      47      38      40      36      40      37
      52      58      39      50      45      46      41      44      50      37
      42      44      45      44      50      48      48      42      48      43
      49      43      37      51      41      46      47      38      41      54
      45      48      44      56      36      44      43      52      37      39
      44      41      47      37      51      42      47      40      42      43
      59      59      63      35      43      72      53      41      61      44
      33      61      59      44      50      43      37      48      40      34
      59      49      64      57      44      54      40      60      61      58
      53      58      65      46      56      55      48      57      44      45
      53      68      73      56      70      56      77      64      80      48
      74      61      72      67      91      69      57      68      64      76
     102      73     102      82     105      81     103      97     130     114
     110     112     104     126     101     144     128     133     142     154
     153     170     142     176     188     178     184     182     201     213
     209     216     251     237     207     235     257     255     233     247
     260     262     259     259     261     284     266     299     302     283
     241     276     280     259     231     275     254     282     271     254
     230     233     219     240     222     237     208     186     216     180
     200     180     183     160     171     162     164     136     145     143
     141     128     119     111     102     115     100     118     107      87
     103      93      90      85      69      78      81      64      63      66
      84      67      65      67      65      82      80      68      61      71
      66      60      61      87      82      74      85      96      82     115
     121     113     116     123     145     121     124     154     174     171
     166     185     188     200     212     191     240     214     215     233
     230     223     204     209     205     220     206     187     204     199
     181     164     170     142     143     124     117     129     110     103
      95      78      83      73      62      65      62   21644
