Acquisition date and time: 00-00-   0 (00:00:00)
Live Time:,        0
Real Time:,        0
 
Photopeaks:,     5
  11,      1.041,       1379,         76,       1.94
  15,      2.013,       2829,         71,       2.25
  16,      2.307,       1472,         72,      10.05
  17,      2.622,     129897,        432,       7.30
  20,      3.691,      36198,        205,       2.18
Incoherent scattering peaks:,     3
  11,      1.039,        523,        104,       1.94
  17,      2.609,      11069,        340,       6.93
  20,      3.665,        936,        129,       2.10
