Acquisition date and time: 00-00-   0 (00:00:00)
Live Time:,        0
Real Time:,        0
 
Photopeaks:,     5
  15,      2.013,       2426,         69,       1.16
  16,      2.307,         76,         53,       1.00
  17,      2.622,      35289,        230,       3.24
  19,      3.313,      71360,        303,       5.27
  20,      3.691,      34372,        255,       1.98
Incoherent scattering peaks:,     3
  17,      2.609,       1555,        196,       3.66
  19,      3.292,        690,        183,       5.04
  20,      3.665,       1876,        287,       2.17
