Acquisition date and time: 00-00-   0 (00:00:00)
Live Time:,        0
Real Time:,        0
 
Photopeaks:,     5
  14,      1.740,        148,         33,       1.60
  15,      2.013,        764,         45,       1.22
  20,      3.691,      11360,        143,       2.41
  22,      4.509,     708361,        841,      20.47
  24,      5.412,       1173,         65,       1.51
Incoherent scattering peaks:,     4
  20,      3.665,       1817,        137,       2.73
  20,      3.982,       4817,        147,       1.53
  22,      4.470,      16351,        346,      16.34
  22,      4.885,       4059,        246,      13.36
