Acquisition date and time: 00-00-   0 (00:00:00)
Live Time:,        0
Real Time:,        0
 
Photopeaks:,     5
  20,      3.691,      10821,        105,       6.01
  22,      4.509,        381,         46,       3.54
  24,      5.412,        560,         62,       1.19
  26,      6.399,     735091,        828,      17.96
  30,      8.631,       1082,        109,       1.18
Incoherent scattering peaks:,     2
  26,      6.320,       7440,        230,      13.60
  26,      6.963,       6926,        195,       7.85
