Acquisition date and time: 00-00-   0 (00:00:00)
Live Time:,        0
Real Time:,        0
 
Photopeaks:,     6
  26,      6.399,       1192,         83,       2.53
  28,      7.472,        707,        149,       1.64
  29,      8.041,       1484,        165,       2.67
  30,      8.631,     388512,        626,       5.63
  33,     10.532,        293,        141,       0.66
  80,      9.980,        245,        143,       1.65
Incoherent scattering peaks:,     2
  30,      8.488,       1531,        225,       3.58
  30,      9.396,       3222,        175,       1.84
