Acquisition date and time: 00-00-   0 (00:00:00)
Live Time:,        0
Real Time:,        0
 
Photopeaks:,     6
  28,      7.472,        267,        111,       1.71
  29,      8.041,       1363,        121,       1.78
  30,      8.631,        905,        120,       1.58
  32,      9.875,     729082,        824,       9.47
  33,     10.532,       -291,        147,       1.43
  35,     11.908,         99,        102,       1.33
Incoherent scattering peaks:,     3
  32,      1.185,       1537,        139,       3.18
  32,      9.688,      -3753,        177,       6.09
  32,     10.750,        182,        253,       2.25
