Acquisition date and time: 00-00-   0 (00:00:00)
Live Time:,        0
Real Time:,        0
 
Photopeaks:,     6
  26,      6.399,        995,         83,       2.85
  28,      7.472,        622,        150,       1.12
  29,      8.041,       1736,        164,       1.94
  30,      8.631,     391818,        629,       5.74
  33,     10.532,        307,        141,       1.53
  80,      9.980,        199,        144,       1.26
Incoherent scattering peaks:,     2
  30,      8.488,       1730,        226,       4.40
  30,      9.396,       3478,        176,       2.57
