Acquisition date and time: 00-00-   0 (00:00:00)
Live Time:,        0
Real Time:,        0
 
Photopeaks:,     4
  15,      2.013,       1133,         57,       2.58
  20,      3.691,      18683,        154,       4.17
  53,      3.937,     103392,        327,       6.12
  37,     13.375,     391200,        602,       5.37
Incoherent scattering peaks:,     3
  37,      1.688,        387,        166,       1.43
  37,     13.034,       2696,        153,       2.01
  37,     14.555,       2844,        134,       1.97
