Acquisition date and time: 00-00-   0 (00:00:00)
Live Time:,        0
Real Time:,        0
 
Photopeaks:,     2
  20,      3.691,      15125,        141,       1.89
  38,     14.142,     588069,        724,       5.07
Incoherent scattering peaks:,     5
  20,      3.665,        660,        104,       2.00
  38,      1.865,       5198,        505,       2.65
  38,      1.801,       3789,        423,       2.69
  38,     13.761,       3179,        144,       2.17
  38,     15.383,       3236,        126,       3.87
