Acquisition date and time: 00-00-   0 (00:00:00)
Live Time:,        0
Real Time:,        0
 
Photopeaks:,     4
  15,      2.013,       1667,        105,       9.41
  20,      3.691,      14449,        141,       2.59
  42,      2.293,      43567,        369,       2.93
  42,     17.443,     529583,        744,       6.72
Incoherent scattering peaks:,     4
  15,      2.005,       2230,        136,       8.17
  20,      3.665,        500,        110,       2.95
  42,      2.384,       9916,        524,       3.21
  42,     16.867,       2176,        129,       2.97
