Acquisition date and time: 00-00-   0 (00:00:00)
Live Time:,        0
Real Time:,        0
 
Photopeaks:,     4
  15,      2.013,       1126,         58,       1.75
  20,      3.691,      19978,        159,       1.74
  53,      3.937,     108961,        336,       6.45
  37,     13.375,     409673,        618,       4.68
Incoherent scattering peaks:,     3
  37,      1.688,        642,        169,       1.71
  37,     13.034,       2377,        158,       2.50
  37,     14.555,       2456,        137,       3.00
