Acquisition date and time: 00-00-   0 (00:00:00)
Live Time:,        0
Real Time:,        0
 
Photopeaks:,     7
  15,      2.013,       1644,         84,       4.13
  16,      2.307,        -57,         87,       1.86
  17,      2.622,       -154,         60,       1.35
  19,      3.313,       1414,        126,       2.49
  20,      3.691,      21508,        682,       4.48
  45,      2.696,         63,         55,       1.07
  52,      3.768,     245461,        699,       7.03
Incoherent scattering peaks:,     2
  16,      2.297,        -29,        127,       1.73
  52,      3.740,      15430,        494,       6.11
