Acquisition date and time: 00-00-   0 (00:00:00)
Live Time:,        0
Real Time:,        0
 
Photopeaks:,     5
  14,      1.740,        567,         56,       4.74
  15,      2.013,       1967,         73,       3.77
  22,      4.509,       1839,        129,       3.07
  47,      2.984,        578,         86,       4.95
  51,      3.604,     260165,        848,      11.11
Incoherent scattering peaks:,     3
  47,      2.967,        615,        140,       4.03
  51,      3.815,      38596,       1800,       7.68
  51,      3.579,      12545,        424,      12.24
