Acquisition date and time: 00-00-   0 (00:00:00)
Live Time:,        0
Real Time:,        0
 
Photopeaks:,     6
  14,      1.740,        -15,         58,       0.65
  15,      2.013,       1306,         75,       2.17
  17,      2.622,       1350,        141,       5.72
  20,      3.691,      25414,        195,       3.51
  45,      2.696,       1511,        184,       2.92
  47,      2.984,     173060,        830,       6.29
Incoherent scattering peaks:,     2
  47,      3.132,       7847,       2002,       4.71
  47,      2.967,       7521,        837,       7.14
