Acquisition date and time: 00-00-   0 (00:00:00)
Live Time:,        0
Real Time:,        0
 
Photopeaks:,     9
  14,      1.740,        221,         42,       1.36
  15,      2.013,       1355,         57,       2.05
  20,      3.691,      23449,        168,       2.16
  26,      6.399,       1072,         96,       1.63
  28,      7.472,       1160,        161,       2.61
  29,      8.041,       3971,        173,       3.56
  30,      8.631,       1754,        176,       1.82
  45,      2.696,         18,         52,       2.96
  56,      4.464,     295542,        595,       8.15
Incoherent scattering peaks:,     2
  56,      4.783,       4692,        563,       5.90
  56,      4.426,       8094,        334,       7.77
