Acquisition date and time: 00-00-   0 (00:00:00)
Live Time:,        0
Real Time:,        0
 
Photopeaks:,     7
  15,      2.013,       1531,         56,       1.76
  20,      3.691,      24643,        171,       2.00
  26,      6.399,       -137,        105,       2.46
  28,      7.472,        797,        161,       2.12
  29,      8.041,       3535,        174,       4.99
  30,      8.631,       2228,        178,       1.28
  57,      4.651,     287604,        585,      11.29
Incoherent scattering peaks:,     1
  57,      4.609,       2069,        318,      12.07
