Acquisition date and time: 00-00-   0 (00:00:00)
Live Time:,        0
Real Time:,        0
 
Photopeaks:,     5
  20,      3.691,      19030,        139,       2.92
  26,      6.399,       1084,        105,       1.74
  57,      4.651,        336,         89,       4.18
  70,      7.411,     311589,        584,       5.62
  73,      8.140,       5885,        209,       3.58
Incoherent scattering peaks:,     2
  70,      8.266,      10645,        360,       3.59
  70,      7.305,       4213,        256,       4.15
