$Informacoes da Fluorescencia de Raios-X:
"Sample    : co_34678",                                                                   
"Operator  : americo",                                                                    
"Comment  : co_54.8micromatter",                                                          
"Group     : kerr2007ag180cal_lt",                                                        
"Date       : 2013-10-08 23:42:46",                                                       
"",                                                                                       
"Mesurement Condition",                                                                   
"------------------------------------------------------------------------------------",   
"Instrument : 700HS2   Atmosphere : Vac.   Collimator : 10(mm)   Spin : No",              
"------------------------------------------------------------------------------------",   
"Analyte               TG kV   uA      FI Acq.(keV)  Anal.(keV)  Time(sec)     DT(%)",    
"------------------------------------------------------------------------------------",   
"Na                    Rh 50  168-Auto Al  0 - 20    0.8 - 1.2   Live -  179   15",       
"Channel_info_start",                                                                     
"Channel : Na",                                                                           
"Points : 2048
"Range : 0.000000 - 20.480000",                                                           
"Step : 0.010000",                                                                        
"Channel_info_end",                                                                       
$DATA:
       0    2047
       0       0       0       0       0       0       0       0       0    2048
       0       0       0       0       0       0       0       0       0       0
       0       0       0       0       0       0       0       0       0       0
       0       0       0       0       0       0       0       0       0       1
      10      14       9      11      11      13       9       4       6       6
      17      10       3      16       8      15      13       7       8       6
      10      11       9       7       3       8      10       8       7      10
       5      11      12      15       7      16      14      17      24      15
      18      18      19      28      27      42      38      57      64      68
      64      53      52      41      41      56      28      34      26      18
      15      18      19       7      13       7       5       9       8       7
       6       4       5      12      11       8       7       6      10       7
      10      10      11       8      11       6       8       7       8       7
       7      11       9       9      12      11      10      12       6       9
      12       9       9      11       7       9       7      11       8      12
       9      13       7      11      12       8       8      16       8      19
       9      19      14      13       7      19      12      11      17       9
      12      11       5      10      13      11      13      14       7      13
      12      12      15       9      11      10      18       8       5      13
       8      13      13       7      10      15      11      15      12      22
      16      14      23      17      24      30      37      51      38      42
      41      54      42      52      39      46      45      31      20      19
      11      14      11      16      15       8      16      14      13      10
      12       6       5       8       8      10       6       7       9       8
      10      11       8       8       7      13       9      15      10      12
       3      12       4      12       6      10       4       5       9      15
       9      10       8      15       9      13      11       7      10       5
       6      13       6      10      10      18      14       6      15      12
      14       8       9      11       7      13       8       8       9      11
      14      10      14      15       8      12      20      12      14      15
       8       9      15      15      14      14       8       7      15      17
       6       7      10       8      11       7       9      11      11      10
       7      17      11      14       8      11      17       8       6      12
      14      13       4      10       8      11      13      12      14      10
      14      15      14       7       6      11       9      13       8      12
      14      14      14      10       7      13      11      17      15      24
      17      17      22      24      28      37      46      61      63      78
     119     152     190     261     288     378     396     510     549     575
     519     559     537     477     380     359     275     229     179     138
     101      73      72      65      49      42      48      27      42      41
      34      38      43      54      48      52      61      71      73      74
      77      94      79      94      95      84      67      52      74      51
      46      34      35      25      22      28      22      20      28      20
      20      22      19      24      18      27      20      13      14      18
      16      29      20      32      18      26      20      20      33      35
      26      27      26      27      29      32      28      30      35      30
      31      35      31      40      30      51      27      30      30      38
      39      24      29      35      26      25      30      23      35      29
      34      22      32      20      26      33      29      35      25      31
      36      24      24      24      25      32      25      30      37      17
      30      28      20      28      25      23      29      26      27      29
      39      30      31      34      34      48      33      64      47      80
      69      79      98     106     108     101     110     123     133     126
     153     107     110     123      83      92      77      73      70      42
      49      47      43      43      38      37      45      44      39      45
      26      45      43      40      43      37      31      27      55      28
      39      32      32      49      34      47      44      29      47      37
      31      42      46      47      38      49      49      41      37      48
      51      56      34      51      38      47      48      50      50      70
      40      58      57      61      46      49      82      72      63      56
      71      59      78      74      67      86      75      61      60      81
      65      79      76      52      78      81      63      59      67      66
      54      67      67      71      58      69      63      76      68      80
      67      69      71      54      75      76      82      81      78      91
      73      69      81      80      69      77      84      82      88      80
      73      99      70      80      85      88      83     100     107      93
      98     108     100     119     112     122      89     130     124     125
     136     160     130     143     167     160     159     182     212     236
     288     351     466     615     744    1113    1547    2104    2781    3811
    4998    6880    8312   10945   13316   16529   18561   22703   24731   28392
   29400   32404   33284   35016   33161   33481   31905   30492   26155   24314
   21083   18682   14973   12941   10358    8236    6066    4886    3502    2589
    1857    1396     934     656     458     367     263     227     159     183
     152     139     129     124     124     120     115     119     111     135
     141     108     122     122     139     121     157     174     151     141
     149     175     175     199     204     259     277     358     380     533
     599     747     884    1156    1343    1649    1985    2339    2516    2952
    3333    3535    3798    4091    4267    4270    4287    4298    4219    3855
    3529    3324    2839    2626    2166    1951    1578    1331    1054     787
     631     525     375     300     240     188     137     117      91      80
      82      60      69      66      75      72      65      69      55      69
      55      67      67      67      56      65      58      73      59      49
      65      54      50      57      46      58      59      47      51      48
      47      45      49      43      49      41      48      59      42      49
      45      51      53      46      50      57      33      46      44      61
      47      52      51      55      51      53      50      58      49      52
      40      46      54      72      61      67      63      60      67      64
      76      55      50      81      75      71      81      58      70      86
      69      54      56      44      53      64      61      55      70      57
      45      44      43      47      57      59      53      56      38      42
      48      46      46      47      49      47      46      59      36      41
      48      65      63      47      38      52      43      41      33      54
      39      50      41      49      39      44      51      51      47      44
      45      47      50      44      56      56      57      42      53      35
      50      49      58      51      46      48      34      54      47      42
      44      51      50      57      49      56      59      70      57      56
      64      40      67      56      58      57      60      71      58      55
      56      58      68      54      46      52      50      70      50      58
      46      66      59      61      48      58      54      52      38      43
      55      54      56      48      58      47      52      36      55      56
      38      50      58      48      48      50      37      54      48      56
      53      51      54      53      47      50      46      64      50      64
      36      47      58      54      44      45      50      53      54      50
      50      48      44      49      48      60      58      44      60      51
      38      45      52      48      64      50      45      59      47      52
      45      55      39      55      53      42      56      52      49      51
      47      55      44      52      37      58      56      63      38      57
      36      47      57      38      46      43      54      52      39      50
      39      42      44      43      49      57      51      50      42      50
      53      42      45      57      49      42      41      53      40      52
      50      47      56      48      60      45      34      44      46      60
      43      51      56      53      55      51      43      57      49      53
      33      50      47      54      46      56      41      42      42      47
      53      51      45      50      48      48      60      33      55      43
      36      44      46      57      40      64      42      47      47      53
      47      36      54      38      53      47      49      46      38      48
      47      37      35      41      39      42      51      52      38      35
      51      51      46      42      39      39      40      64      41      48
      45      48      50      61      38      39      42      52      51      34
      49      41      40      49      49      36      36      44      52      47
      41      34      33      31      44      45      55      37      36      42
      41      51      26      34      43      43      41      38      30      50
      42      47      52      34      51      47      38      51      37      33
      45      34      33      42      32      52      41      41      38      44
      43      43      41      30      45      42      42      41      48      39
      52      40      43      44      36      44      52      48      43      49
      39      37      43      41      44      51      54      49      28      47
      38      43      34      38      39      45      35      41      47      42
      29      45      55      44      49      49      46      40      42      49
      57      47      39      50      34      39      52      52      41      43
      36      57      40      46      52      37      47      39      49      32
      56      38      45      44      33      49      46      48      41      41
      41      38      42      39      32      48      42      48      34      48
      45      45      45      44      38      38      43      43      37      56
      35      29      50      36      49      32      40      45      30      35
      45      37      40      31      44      41      47      45      44      49
      42      34      42      42      39      42      40      49      46      31
      47      42      40      34      35      41      31      56      36      49
      47      73      50      64      51      68      71      77      73      72
      86      79      80      81      79      81      79      98      68      83
      86      88      71      77      69      70      90      81      57      57
      58      61      44      55      63      52      48      43      52      40
      37      29      40      39      34      40      36      29      31      37
      37      39      48      42      35      49      41      38      40      36
      31      39      44      48      32      50      37      37      37      42
      29      33      40      35      40      27      33      34      44      48
      34      50      44      45      37      49      58      61      48      53
      40      55      49      56      52      50      44      50      36      39
      40      34      28      44      39      47      38      38      42      34
      42      35      31      46      32      37      41      38      33      39
      36      43      31      35      48      30      27      42      34      27
      34      31      30      34      42      36      31      45      37      33
      39      26      37      24      28      31      23      38      38      37
      38      36      33      49      30      22      41      40      26      48
      35      35      35      36      38      33      42      45      34      51
      28      41      33      40      34      35      35      37      29      29
      34      32      37      37      39      30      36      34      31      34
      45      37      26      32      43      26      29      34      29      27
      38      31      42      32      27      33      32      31      37      34
      35      32      38      32      31      27      23      31      39      27
      42      29      43      35      35      26      26      19      34      27
      35      35      40      39      33      34      28      22      30      43
      43      42      43      27      30      44      29      22      35      30
      16      32      29      38      35      32      25      32      30      38
      29      47      31      27      27      42      31      41      25      38
      37      41      31      29      30      26      39      31      31      26
      32      43      30      26      25      39      30      41      29      33
      32      32      38      34      28      40      24      22      28      36
      23      26      40      29      37      52      14      38      35      28
      30      30      28      34      30      34      32      29      33      28
      26      31      26      27      26      30      27      27      29      35
      32      27      30      26      31      23      27      22      37      24
      24      25      28      23      41      17      34      25      30      30
      35      35      37      34      24      30      23      31      36      36
      33      35      37      41      23      42      26      35      35      32
      36      32      23      25      33      44      30      19      25      41
      19      38      27      46      29      38      36      40      34      28
      30      29      30      32      39      29      27      32      39      37
      17      33      20      18      32      26      29      34      37      22
      30      29      24      34      42      29      26      28      36      33
      37      22      34      25      31      31      30      34      34      31
      25      25      29      30      31      41      33      40      27      37
      29      37      36      31      32      29      37      26      29      34
      41      32      35      27      38      38      43      33      43      40
      33      36      29      38      36      37      36      43      38      33
      38      36      32      37      35      32      39      37      31      32
      38      45      47      48      46      49      46      47      48      52
      48      52      44      42      40      66      56      52      54      55
      70      67      68      48      68      73      72      83      73      73
      79      77      73      85      78      96      92     113     107     107
     112     110     113     128     134     123     126     129     160     149
     143     158     143     161     189     165     159     171     191     162
     190     180     208     219     214     193     206     209     188     180
     217     196     244     198     197     186     230     162     213     195
     198     181     179     165     167     177     169     165     143     149
     146     146     123     136     132     132     138     118     128     110
     120     106      91     102      82      90     113     106      73      96
      73      77      54      71      60      52      53      64      56      57
      42      48      56      46      44      43      48      40      44      55
      52      41      53      54      40      59      52      46      60      59
      47      58      68      53      80      82      81      79      76      88
      90      90      86      90     105      99     107     115     101     127
      90     105     118      83      89      95     102      90      92      90
      88      92      73      67      74      63      66      55      55      64
      58      61      40      46      34      40      36      41      30      36
      27      31      28      25      31      34      20   14414
