$Informacoes da Fluorescencia de Raios-X:
"Sample    : rbi_34687",                                                                  
"Operator  : americo",                                                                    
"Comment  : rbi_52.0micromatter",                                                         
"Group     : kerr2007ag180cal_lt",                                                        
"Date       : 2013-10-09 01:00:11",                                                       
"",                                                                                       
"Mesurement Condition",                                                                   
"------------------------------------------------------------------------------------",   
"Instrument : 700HS2   Atmosphere : Vac.   Collimator : 10(mm)   Spin : No",              
"------------------------------------------------------------------------------------",   
"Analyte               TG kV   uA      FI Acq.(keV)  Anal.(keV)  Time(sec)     DT(%)",    
"------------------------------------------------------------------------------------",   
"Na                    Rh 50  276-Auto Al  0 - 20    0.8 - 1.2   Live -  180   16",       
"Channel_info_start",                                                                     
"Channel : Na",                                                                           
"Points : 2048
"Range : 0.000000 - 20.480000",                                                           
"Step : 0.010000",                                                                        
"Channel_info_end",                                                                       
$DATA:
       0    2047
       0       0       0       0       0       0       0       0       0    2048
       0       0       0       0       0       0       0       0       0       0
       0       0       0       0       0       0       0       0       0       0
       0       0       0       0       0       0       0       0       0       2
      19      30      32      32      24      26      26      29      34      27
      30      39      27      39      33      25      27      31      23      33
      26      35      34      35      28      46      37      41      28      37
      45      26      20      45      26      33      29      27      28      27
      27      29      27      33      19      25      27      29      25      24
      18      22      24      33      27      29      27      37      26      26
      24      20      25      25      29      28      27      19      23      18
      29      29      25      22      22      27      14      28      21      27
      22      20      23      23      20      26      25      30      27      22
      34      25      28      30      23      25      19      26      24      34
      22      26      14      26      27      20      27      32      27      33
      22      26      43      54      37      40      41      57      49      73
      76      68      57      56      82      81      73      64      67      88
     102      95     149     196     266     403     458     633     661     784
     818     840     871     920     808     802     704     704     595     463
     401     377     292     234     196     143     136      97      95      93
      70      70      56      72      74      79      79      96      88     104
      92     110     100      76     109     109      82      69      56      67
      50      53      56      61      64      63      74      62      83      55
      87      93      59      67      46      58      53      46      48      33
      35      36      32      34      24      34      35      42      40      35
      33      33      51      34      36      36      54      55      67      74
      65      66      45      54      54      42      52      42      31      29
      29      41      33      37      24      31      28      34      40      34
      36      40      32      44      40      31      39      25      40      37
      45      28      42      28      34      25      37      25      28      24
      26      25      23      35      31      31      26      37      27      39
      34      28      32      24      33      36      24      29      33      31
      21      37      28      36      42      37      36      33      40      39
      32      46      25      40      44      43      48      41      39      49
      55      52      50      46      65      58      54      66      58      78
      82      92     131     125     164     216     221     252     268     240
     242     260     232     240     221     231     201     221     237     240
     296     323     390     485     561     723     779     861     944    1017
     974    1039     980     876     833     810     709     590     473     514
     489     560     620     810     969    1349    1634    2216    2651    3332
    3900    4471    4860    5470    5441    5793    5316    5174    4506    4266
    3447    3044    2430    1931    1458    1165     827     635     538     513
     444     498     602     738     936    1235    1436    1852    2103    2508
    2783    3159    3335    3682    3694    3802    3347    3307    3126    2970
    2490    2357    2041    1885    1493    1316    1151     971     793     692
     613     561     500     520     576     575     610     665     748     875
     859     859     798     944     837     800     714     705     499     492
     366     336     275     251     193     156     170     135     140     146
     164     191     218     231     260     308     339     379     423     438
     438     431     400     431     406     398     333     286     288     223
     212     153     112     129     136     128     144     143     152     175
     183     212     247     251     267     335     293     302     281     279
     258     273     214     201     170     166     101     125      95     110
     101      83      97      77      66      70      41      62      57      60
      41      45      40      46      47      46      41      41      49      54
      55      47      43      55      42      58      39      56      47      55
      45      48      51      49      37      57      45      51      36      45
      64      60      40      50      46      33      57      56      57      52
      56      48      36      62      62      55      37      61      31      68
      41      40      55      62      48      69      59      52      50      69
      65      62      50      56      66      66      65      74      58      61
      67      69      65      74      71      64      66      76      87      91
      84      65      62      88      94      72      81      85      86     101
     109      90      97      89      93      90     107      93      91     118
      89     117     107      93     106     105     117     106     102     139
     128     136     122     112     129     139      98     120     145     120
     126     137     124     119     120     125     127     125     107     119
     116     120     104     107     126     115     107     104     116     110
     111     125     104     115     112     108     108      99     114     126
     103     124      94      95     115     123     117      82      87     103
     100      83      94      99      99      93     104      90      96     102
     107      88      80      94     112      97     101      89      75      99
      86      91      85      89      88      77      82     100     103      86
      88      72      80      92      86      81      95      83      91     102
      83      72      89      93      75      85      88     105     104     103
      80      98      84      93      87     104     100      82      77     109
     102      90      98      93     107      84      88     112     110     100
      88      98      78      82      91     100      99      94      96      97
      93      97      87      91      83     102      84     105      94     112
     115     100      83      91     100     104      95     111      98     100
     106     121     116     110     118     122     110     112     127     144
     139     138     127     133     134     150     127     130     139     125
     120     141     141     138     121     130     112     121     123     120
      97     105     102      98      94     114      97     100      89     115
     115     106     118     103     117     127     109     110     101     104
     107     104     118     139     110     121     107     132     127     129
     121     133     115     138     153     140     148     128     149     152
     146     167     175     164     162     177     173     152     176     176
     135     157     151     170     143     158     121     142     135     118
     119     136     111     122     122     110     121     132     116     118
     133     104     124     135     111     132     133     122     121     101
     108     128     111     116      92     106     107     101     115     100
     114     105      93     109     117     123     100     114     101     103
     114     106      99     110     109     105      97     100      96     102
      98      88     107      92      94      99     103      96      95      97
     111      84      89     108      83     106     107     110     108     110
      93      87      92      97      92     111     105     109     102      86
      93     103     103     104     109     100     107      95      90     112
      98      79      96     104     112      87      89     100      91      79
     102     101      88      71      86      92      84     101     105     105
      64      91      97      92      93     100     111      93      79      91
      96      95      83      98      94      96     109      97      95     109
     125      87      94      86      81      91     109      92      85      90
      98      92      89     105     101      89      98      90      93      96
     112      98     103     110     115      91     102      99      95     110
     100     107      81     118     108     100      94      95     107      90
      85     101     100      82      90      93      90      92      74     137
     108      97      95      98      79     119      98     116      82      98
      93      88     115     106      98      95      76      96     100      98
      99     111     102      89     116     118     103      89      96      79
     103     103     100     111      86      95      96      83      92      98
      98     102     107      83      91      89      72     100      88     104
      93      97      92     102      94      83      83     100      89      98
      81     102     105      80      99     104      91     115      91      96
      95      90      97     116     106      92      95      95     106      85
     112      93      93      92     101      98     107      87     104      99
      86      93     111      96      83     102     107      88      83     105
      77     135     109      86      92     103      93      86      93      85
      82      85     109      85      97      91      93      96      75      99
      91      99     100     104      98      91      82      86      85      96
      73      80      85      90      97      87      82      87      69      95
      88      83     104      91      73      88      85      89      90      88
      87      91      79      94      88      76      93      90      82      98
      78      92      86      92      79      75      84      91      78      86
      77     128     108      91      89      94      85      73      75      84
      99      89     104     101      86      87      99      98      75      95
      98      98      98     103      86      78      93      91      96      88
      95     109      85     101     107     117      97      86      95     100
     106      79      84      95      89      95      77      97      80     111
     122      96     100     120      92     101      91      98     112     116
     123     119     138     133      99     124     127     127      93     101
     135     121     132     145     165     184     163     174     215     252
     313     354     463     596     631     850     972    1298    1454    1854
    2135    2587    3012    3555    4082    4918    5317    6245    6736    7557
    7760    8812    9386   10144   10339   10919   11212   11843   11204   11491
   11412   11465   10541   10632   10176    9826    8709    8274    7523    6990
    6045    5561    4787    4268    3507    3047    2641    2258    1810    1562
    1261    1007     766     674     526     451     334     300     214     206
     158     148     122     135     119     106     130     107      96      87
     110      88      92      93      90      76      79      92      70      90
      86      80      99      91      93      87      78      88      81     103
      88     107      72      60      86      80      86      95      81      74
      86      84      87      76     105     101      76     100      71      72
      77      83      83      84      97      92      86      72      92      92
      83      81      83      78      75      97      73      84      73      76
      92      65      78      93      83      92      81      99      94      99
     109      88      86      91      92      94      90     116      80     130
     110     106     100     103     104     124     104     143     112     156
     170     140     197     215     246     289     317     371     422     508
     548     646     755     820     930    1007    1080    1214    1366    1410
    1406    1548    1654    1789    1743    1836    1871    1815    1818    1777
    1825    1721    1664    1494    1561    1453    1329    1213    1182    1100
    1000     872     834     820     709     616     602     536     511     422
     426     416     382     311     328     313     298     234     245     209
     212     169     181     180     143     167     120     142     117     102
      77      85      76      67      74      84      80      66      63      85
      67      70      62      62      61      72      54      70      72      71
      66      64      84      73      68      72      52      61      62      70
      65      57      52      67      56      67      72      47      65      66
      60      55      53      82      66      74      66      74      52      58
      36      67      58      62      62      59      65      68      65      60
      65      65      62      63      62      64      56      39      58      59
      51      51      54      62      70      52      47      54      59      49
      54      46      52      45      67      60      53      68      66      67
      65      62      51      65      51      65      46      68      57      60
      64      48      53      48      52      53      48      56      54      51
      49      68      61      48      57      48      54      55      59      65
      56      60      52      58      62      66      69      61      62      61
      47      58      55      49      64      54      50      48      47      67
      58      60      55      54      51      59      57      55      57      41
      55      59      55      66      43      57      54      57      65      51
      42      76      66      65      72      55      59      58      63      55
      54      57      53      51      40      61      63      56      51      66
      54      67      51      62      58      70      47      59      57      58
      61      59      58      54      55      64      51      60      43      79
      62      65      67      62      58      78      62      70      54      77
      64      50      76      66      58      57      77      71      59      53
      59      54      64      54      72      66      49      54      50      46
      67      60      64      59      52      64      49      59      62      61
      41      45      50      62      57      57      52      64      46      56
      59      46      70      55      55      62      54      57      57      62
      50      54      51      59      65      80      54      63      55      57
      52      62      67      46      62      54      66      66      56      60
      63      46      57      58      65      66      68      78      69      60
      68      63      64      55      78      60      77      71      57      70
      62      76      70      68      78      72      66      78      68      79
      72      77      68      75      82      92      91      76      81      95
      83      79      76      94      94      93     118      81     114     120
     127      94     107      93     114     118     103     131     123     119
     136     134     168     141     174     157     181     167     194     219
     175     212     210     197     204     247     253     244     224     265
     245     278     243     256     315     298     279     314     292     326
     291     302     380     358     293     333     334     336     352     360
     387     355     320     406     340     345     304     328     385     334
     325     320     350     297     307     288     297     292     284     245
     234     278     241     270     244     225     219     219     217     183
     182     177     186     176     171     148     174     170     135     116
     129     135     114      98     129     114     110      98      98      97
      87      99      83      88      84      67     102      70      93      81
      93      74      78      88      86      86      82     115     107     100
     107     127     120     139     127     116     141     133     146     178
     186     174     164     219     194     204     230     211     240     240
     224     219     215     209     210     192     215     207     210     211
     193     204     193     172     205     143     114     120     119     123
      96      98     103      77      93      58      56      75      69      54
      74      64      56      43      41      53      59   45105
