$Informacoes da Fluorescencia de Raios-X:
"Sample    : dyf3_34707",                                                                 
"Operator  : americo",                                                                    
"Comment  : dyf3_50.7micromatter",                                                        
"Group     : kerr2007ag180cal_lt",                                                        
"Date       : 2013-10-09 02:51:45",                                                       
"",                                                                                       
"Mesurement Condition",                                                                   
"------------------------------------------------------------------------------------",   
"Instrument : 700HS2   Atmosphere : Vac.   Collimator : 10(mm)   Spin : No",              
"------------------------------------------------------------------------------------",   
"Analyte               TG kV   uA      FI Acq.(keV)  Anal.(keV)  Time(sec)     DT(%)",    
"------------------------------------------------------------------------------------",   
"Na                    Rh 50  457-Auto Al  0 - 20    0.8 - 1.2   Live -  180   15",       
"Channel_info_start",                                                                     
"Channel : Na",                                                                           
"Points : 2048
"Range : 0.000000 - 20.480000",                                                           
"Step : 0.010000",                                                                        
"Channel_info_end",                                                                       
$DATA:
       0    2047
       0       0       0       0       0       0       0       0       0    2048
       0       0       0       0       0       0       0       0       0       0
       0       0       0       0       0       0       0       0       0       0
       0       0       0       0       0       0       0       0       0       1
      11      19      11      15      15      15      17      16      16      11
       9      17       9      15      21      16      16      16      10      16
      20      13      13      15      17      18      14      16      18      15
      11      21       9       8      18      18      17      16      20       8
      13       7      15      20      12      14      14      13      11      16
      16      13      15      21      10      19       9      19      16      18
      14      19      11      19      20      15      12      24      20      17
      12      14      18      19      17      24      19      23      11      10
      19      22      17      20      11      24      17      21      16      21
      30      35      34      50      61      82     106     136     141     215
     204     237     245     283     276     250     243     201     166     172
     133     113      76      80      40      50      44      47      56      56
      50      75      62      58      55      64      53      52      30      40
      34      36      28      38      36      41      43      50      45      75
      58      47      51      58      52      55      36      42      47      44
      25      26      28      29      26      27      20      21      19      24
      32      28      36      38      30      60      69      80      86      95
     102     105      93     104      90      86      73      55      49      45
      35      35      29      22      18      32      26      22      16      19
      21      17      20      25      27      17      18      22      17      18
      20       8      13      17      11      18      20      10      14      19
      13      22      19      12      11      14      16      17      11      13
      13      21      15      16      16      17      17      19       9      23
      20      23      17      18      21      19      22      28      19      15
      24      20      23      26      23      23      20      20      13      21
      27      31      19      27      16      24      20      20      25      17
      23      10      29      17      15      24      17      17      14      23
      14      16      15      17      24      18      19      15      21      15
      11      15      26      14      18      20      15      16      20      21
      18      19      18      22      21      20      27      17      19      13
      19      24      23      29      27      20      25      26      11      24
      26      18      22      16      28      25      22      29      27      30
      20      34      35      51      51      67      94      96     156     188
     250     328     403     492     580     722     792     932     981    1006
    1046    1009     996     920     791     712     637     493     347     296
     245     188     117     130      84      67      68      46      49      63
      59      70      85      86      75     104     118     110     124     134
     153     153     140     160     161     155     125     111     128      90
      84      75      81      58      43      59      30      40      39      47
      42      26      30      43      41      43      41      37      49      55
      48      67      47      51      36      72      59      59      51      55
      82      74      52      44      62      66      63      77      65      76
      60      70      58      63      71      54      52      59      51      66
      54      66      60      76      62      69      55      94      70      85
      93      96      89      92      96     103      99      93      86     115
      77      88      50      66      61      72      56      52      51      50
      59      51      56      37      55      52      51      52      58      53
      47      61      49      43      47      63      52      60      49      59
      55      63      56      63      60      54      55      65      54      48
      46      62      58      70      62      60      57      72      57      63
      73      61      74      66      71      72      69      75      76      80
      78      89      89      74      97     110      96      90      79      99
     104      92      93     105      89      96     112     136     102     126
     152     144     182     200     216     287     286     367     430     506
     449     599     561     681     662     768     696     670     671     645
     599     556     456     430     379     322     273     254     219     208
     145     160     162     140     157     148     138     148     126     129
     109     135     124     106     131     150     131     141     137     123
     114     175     136     149     132     133     138     139     147     165
     165     171     145     185     170     194     194     205     266     310
     368     480     650     809    1050    1470    1850    2414    3034    4250
    4842    6186    6799    8443    9319   11132   11413   13033   13474   14557
   14098   14331   13596   13113   11836   11603    9472    8886    7231    6303
    5027    4240    3331    2646    2073    1521    1195     880     664     500
     372     343     308     221     202     199     197     167     160     173
     152     168     148     165     159     123     148     173     163     168
     173     163     192     197     161     173     167     199     184     200
     201     219     217     233     281     381     427     520     619     808
     913    1300    1531    2066    2392    3076    3530    4420    4761    5800
    6011    6957    7004    7824    7946    8344    7921    8234    8108    7774
    7088    6892    6284    5940    5058    4769    4327    3880    3125    2937
    2521    2337    1908    1730    1519    1376    1173    1073    1003     958
     906     943    1004    1165    1148    1296    1480    1679    1672    1875
    2169    2290    2305    2519    2347    2461    2295    2170    2226    2090
    1784    1644    1420    1302    1126     965     845     668     564     530
     435     365     322     316     241     237     211     180     169     169
     172     197     143     181     162     156     159     181     166     183
     203     187     208     189     216     218     191     182     204     233
     200     236     199     225     235     238     214     219     223     208
     220     209     201     247     267     254     294     313     368     454
     466     542     628     704     739     909     950    1149    1151    1231
    1282    1368    1230    1309    1325    1248    1206    1137    1000    1006
     827     838     717     602     534     477     468     432     363     338
     397     410     374     416     439     485     474     546     559     577
     591     588     675     623     636     619     620     606     547     568
     513     489     422     376     402     380     287     284     244     229
     222     210     186     180     180     168     179     206     173     226
     181     204     190     218     201     196     170     186     176     170
     171     173     155     132     141     128     152     146     136     120
     137     115     117     119     124     101     107     112     113     112
     117     120     105     106     110     109     119     135      93     147
     119     125     121     128     110     107     117     113     106     104
     131     110     124     112     117     114     134     124     126     115
     123     152     126     121     109     115     122     112     116     122
     112     107     112     116      97     103     121     124      86     124
     120     113     103      92     107     121     109     109     111     116
     113     116     108     126     118      98     113     102     113     106
     103      99     103      88     147     112      96     112     124      95
     110     111     106     124      96      97     112     104     109     101
     113     121     107     112     117     128     102     125     107     123
     122     104      99     116     114     109     120     115     104     119
     128     100     119     121     101     120      95     101     117     108
     112     123     115     107     121     117     131     127     105     125
     121     141      95      88     126     116     101     100     110     118
      95     100      97     118     108      89     133      86     108     105
      98     113     107      90     124     119     103     110     108     127
      97     125     132     108     106      96     126     107      93     115
     113     103     120     112     105     111      96     103     116     102
     102      97      96     118     109     104     101     106      96     113
     122     107     105     109     111     108     109      87     106     111
     105      99     101     104     121     117     114     112     113     110
     101      99      87      98     104     111      96     103     104     107
     117      98      96      96     100      94     103     101      98      81
      96     119      80     112     123      89      82      89     106     109
      91      85     106      95     110      92      78     100     110     106
     101     107      91     106     105      90      94      96     101     115
     101      86     103     103      75      95      89      85      88      87
      84     108      90      92     100     120     104      87      97      95
      94     111      90      76      82      99     124      97     102      91
      85      78      76     107      85      89      77     107     112      88
     104      99     101     101      90     112      91     111      84      96
      87     111      96      95     101      88      91     100      94      78
      86      89     106      96      94      84      93      94      88     115
      99     102      91      82     103      87     101      88      68     107
      89      88     111      92      94      87      85      80      81     104
      91      88     104      87      92     107     106      84      98      95
      93     105     101     113      86     102      92      96      99     108
      86     100     106      96     104      91     107      89      90      75
      93      74      90     101     107      88      82      92      91      87
      85      84      72     101     108      79      71      99      82      84
      73      89      82      94      92      81      89      74      98      82
      84      70     107      88      93      95      77      76      75      86
      93      84      84      95      81      85      74      85      66      90
      85      77      77      91      82     101     107      94      99     103
      81      87      96     117     105     103      95     116     119      95
     102     100      72     105      99      85     109      95     107      95
      99     112      85      90      73      75      78      85      82      72
      74      81      75      98      81      85      60      95      75      66
      90      84      70      93      64      87      84      93      89      69
      79      91     111      91      84      94      89      84      77      95
      79      81      76     100      80      82      86      77      77      72
      93      74      91      90      75      85      86      91      84      80
      71      92      86      85      85      78      80      72     106      82
      66      74      78      76      76      82      78      69      67      67
      91      75      69      76      82      72      75      76      68      64
      88      71      97      93      87      81      74      85      87      78
      75      79      89      74      78      81      75      85      70      86
      73      64      64      76      86      67      84      76      85      82
      84      86      74      80      74      74      81      74      62      71
      78      73      77      74      64      74      71      59      48      74
      68      81      76      63      55      81      75      76      62      76
      66      77      75      63      70      59      49      74      70      71
      68      78      67      66      66      66      72      66      65      79
      70      60      77      65      65      78      78      70      72      75
      73      64      65      72      56      66      64      63      64      69
      64      63      60      60      59      84      57      71      61      46
      67      76      63      66      67      58      64      78      92      75
      90      74      54      73      50      72      61      66      72      76
      64      70      68      71      56      79      68      66      67      58
      67      66      69      76      68      67      65      68      63      68
      61      64      62      67      59      58      57      57      53      61
      65      68      59      55      70      70      61      61      62      66
      54      63      64      49      53      59      85      70      49      58
      53      58      51      67      75      59      69      60      64      46
      61      65      73      57      57      74      52      57      70      54
      64      70      55      79      64      63      60      62      66      64
      60      64      70      65      70      58      67      56      60      71
      57      67      47      62      52      61      61      61      69      63
      58      62      73      55      69      55      63      52      51      54
      65      68      77      47      53      46      56      61      60      54
      63      78      64      74      59      48      61      60      60      57
      64      77      63      65      63      68      51      63      52      61
      64      57      56      58      55      61      67      53      62      60
      72      62      55      68      56      60      64      51      72      66
      67      55      68      68      56      61      68      69      52      63
      62      57      45      72      61      58      59      61      81      73
      54      50      67      63      64      66      56      59      58      62
      61      73      61      85      60      53      52      74      66      55
      52      85      56      73      58      67      49      67      71      76
      65      73      79      67      73      64      70      77      71      67
      67      71      58      76      69      57      70      77      71      64
      62      76      55      74      88      85      79      92      69      90
      89      84      77      98     110      78      78      92      68      95
      99     104     108     101     122      81     100     108     115     137
     129     149     160     125     140     152     161     143     140     169
     159     168     144     180     191     191     182     205     220     230
     234     257     219     253     268     284     286     281     255     312
     308     300     333     330     369     337     331     348     376     375
     340     311     390     379     377     362     347     410     379     355
     382     390     358     417     331     339     327     369     356     335
     365     342     325     306     298     311     294     346     296     255
     267     258     239     225     235     204     204     193     185     195
     193     151     189     153     141     136     159     153     142     119
     138     127     102     110     118     111      99     118      90      92
      95      78      94      90      98      98      93      94      96      71
      89      96      97      86      96     108      97     106     112     103
     123     129     138     146     141     155     152     186     156     188
     215     226     195     244     231     273     252     216     284     308
     241     268     247     241     256     228     293     244     209     218
     190     201     201     180     181     161     151     138     141     118
     121     103      80      88      82      96      87      71      71      76
      68      58      58      56      63      63      49   27988
