$Informacoes da Fluorescencia de Raios-X:
"Sample    : ndf3_34702",                                                                 
"Operator  : americo",                                                                    
"Comment  : ndf3_46.1micromatter",                                                        
"Group     : kerr2007ag180cal_lt",                                                        
"Date       : 2013-10-09 02:29:04",                                                       
"",                                                                                       
"Mesurement Condition",                                                                   
"------------------------------------------------------------------------------------",   
"Instrument : 700HS2   Atmosphere : Vac.   Collimator : 10(mm)   Spin : No",              
"------------------------------------------------------------------------------------",   
"Analyte               TG kV   uA      FI Acq.(keV)  Anal.(keV)  Time(sec)     DT(%)",    
"------------------------------------------------------------------------------------",   
"Na                    Rh 50  393-Auto Al  0 - 20    0.8 - 1.2   Live -  179   15",       
"Channel_info_start",                                                                     
"Channel : Na",                                                                           
"Points : 2048
"Range : 0.000000 - 20.480000",                                                           
"Step : 0.010000",                                                                        
"Channel_info_end",                                                                       
$DATA:
       0    2047
       0       0       0       0       0       0       0       0       0    2048
       0       0       0       0       0       0       0       0       0       0
       0       0       0       0       0       0       0       0       0       0
       0       0       0       0       0       0       0       0       0       3
      13      30      21      17      11      25      15      20      29      27
      22      12      21      19      24      24      18      24      20      20
      17      17      20      20      19      20      21      27      22      22
      16      29      22      20      24      22      18      30      30      31
      27      40      33      31      41      33      38      29      30      35
      31      29      36      27      34      26      25      26      30      38
      38      57      49      70      88     134     161     179     175     228
     239     260     239     227     206     187     161     131     118      85
      75      87      56      58      56      58      60      62      77      75
      71      86      58      62      69      76      69      79      69      81
      72      88      57      63      61      54      43      41      42      32
      41      29      34      44      29      41      26      41      24      34
      32      34      32      17      26      27      26      25      30      21
      31      24      25      35      17      14      24      31      29      20
      25      36      21      32      25      36      27      34      32      35
      30      31      36      37      29      20      34      27      37      28
      42      34      42      50      47      66      79      84      92     121
     122     145     108     119     103     100      69      70      60      55
      33      34      26      32      25      38      29      21      17      29
      31      21      21      15      26      18      19      20      18      21
      16      28      31      20      18      21      28      20      26      13
      25      26      12      19      26      29      11      22      20      22
      21      25      19      24      11      14      31      19      19      20
      15      21      22      38      22      26      26      35      13      20
      33      33      28      25      25      17      25      29      29      26
      30      31      24      31      30      44      35      26      26      33
      24      21      28      24      28      31      26      26      31      29
      28      22      25      39      20      32      28      39      27      26
      25      15      25      26      25      29      27      31      34      31
      22      32      34      24      34      26      24      32      25      33
      29      31      30      37      40      39      33      35      45      52
      67      57      83      81      87      93     110     111     127     121
     142     130     127     121     121     139     151     164     174     213
     322     399     459     588     655     915    1002    1125    1185    1349
    1258    1263    1187    1124     940     837     685     623     443     375
     257     232     163     144     110     122      96      98      92      90
      95     135     119     144     147     155     162     187     218     222
     205     258     199     219     229     206     180     178     144     158
     121      99      92      72      67      74      73      66      65      44
      73      58      50      78      57      47      47      60      64      72
      69      81      75      94      92      88      83      79      89      88
     103     103      92      99     112     102     105     120     134     146
     144     143     181     203     262     310     334     408     412     512
     588     619     649     690     671     699     634     661     583     578
     490     445     366     320     265     266     211     156     149     152
     132     124     111     123      94     128     117     123     143     130
     102     116     132     119     117     127     115     155     136     158
     172     167     201     218     284     373     428     588     790    1079
    1420    2124    2616    3578    4237    5534    6762    8270    9487   11143
   12172   13764   13530   14596   14512   14741   13242   13520   11317   10459
    8482    7432    6009    4842    3740    3023    2129    1630    1122     840
     622     428     353     275     222     226     157     172     173     181
     184     181     190     231     235     316     388     511     624     915
    1159    1544    1943    2550    3186    4065    4613    5639    6205    7196
    7655    8417    8847    9216    8700    9027    8604    8276    7442    7050
    6182    5559    4836    4361    3854    3416    2792    2559    2113    1833
    1556    1393    1138    1057     881     795     763     837     772     862
    1026    1130    1232    1494    1733    2031    2054    2315    2457    2674
    2393    2497    2474    2256    2012    1937    1729    1553    1251    1147
     950     777     578     517     395     369     284     252     215     195
     187     172     178     206     160     173     176     227     182     225
     213     246     223     262     273     316     282     360     397     508
     540     593     710     819     899    1074    1094    1250    1223    1461
    1370    1446    1246    1323    1243    1258    1074     984     861     744
     657     609     527     495     404     407     373     394     357     367
     411     451     523     568     610     665     654     735     731     722
     716     727     623     673     594     570     538     536     441     412
     364     338     305     297     281     259     249     240     173     234
     241     241     221     214     208     200     205     163     205     179
     150     166     143     133     128     144     132     145     108     123
     107     108     110     110     112      95     102     137     103     126
     115     130     133     118     122     124     140     115     124     116
     117     129     120     133     109     125     125     132     109     111
     121     137     126     126     134     160     137     145     156     145
     139     166     140     151     146     175     157     163     158     149
     164     174     169     164     164     187     169     198     189     186
     178     180     181     197     191     205     179     200     207     183
     197     228     225     257     223     249     220     219     205     236
     193     218     197     174     202     173     178     191     157     160
     182     182     147     158     164     148     125     152     111     137
     120     109     138     130     119     125     144     125     140     141
     139     143     148     122     134     120     135     128     123     125
     160     139     149     140     141     169     175     165     188     188
     189     212     175     203     207     186     186     194     187     186
     195     173     157     171     167     151     149     153     160     124
     139     142     137     142     138     141     157     131     161     146
     146     125     152     149     143     131     150     137     133     130
     125     138     164     139     125     133     136     122     143     137
     121     110     131     131     124     142     126     116     132     132
     149     123     105     137     138     130     142     138     107     162
     137     136     142     143     153     145     124     127     124     134
     132     154     142     141     152     157     149     143     142     129
     124     150     152     154     135     158     153     162     135     129
     145     184     130     139     157     156     164     135     150     162
     128     127     148     157     128     117     112     165     133     128
     139     139     138     112     160     131     135     127     136     134
     143     130     131     137     133     141     152     149     129     136
     134     149     124     135     138     144     120     129     144     124
     135     141     138     143     106     142     134     119     141     119
     121     145     119     124     134     133     131     146     145     134
     118     136     135     152     140     130     125     137     135     154
     143     157     119     135     144     149     125     139     126     138
     142     149     132     138     139     111     128     124     116     136
     119     121     110     106     126     133      95     130     141     132
     120     133     108     132     104     131     117     144     106     122
     125     121     101     133     123     132     110     116     149     134
     128     141     127     133     117     146     139     142     122     110
     135     127     125     133     145     136     135     136     156     141
     126     131     127     126     104     131     129     110     122     129
     140     119     132     119     152     115     101     128     122     153
     131     144     116     120     129     121     147     118     120     114
     126     112     119     110     131     111     111     121     137     126
     132     129     110     124      98     130     102     132     112     105
     129     122     123     122     131     133     122     124     124     146
     117     139     132     133     126     128     141     121     101     121
     128     118     106     108     128     126     110     126     123     118
     109     111     123     119     118     121     111     130     136     131
      96     106     125     115     120     125     111     108     121     107
      95     105      83     112     108     116     121     115     101     121
      97     132     126     107     122     118      92     119     116     123
     105     106     116      99     106     144     100     132     111     116
     119     138     119     120      93      99      93     105     121     118
     116     112      91     110     110     102      88     117      94     111
     112     130     114     118     106     122     101     111     106     104
      97     107     119     111     110     116      93     111      88     115
      96      92      91     114     100      79      91      95     103     107
      99      95     104     120     104     118     120      91     110     104
     104      97      92     117      92     116     100      97     107      92
      85     132     109      96     107      88     107      73     101     104
     108     109      99      88     119     116     105     130     103     100
     109      87     106     109      95     100      94     105      90     102
      88     108     106     102      89     101     100      98      92     107
     112      87     118     115     122     102     108     125      92     101
      87      89      98      95      91     103      89     122     109      94
      84      92     102     109      79     104      83     124     100     106
     100     115      95     108     121     115      91      84      96     104
      97     100     115      97      91      80     102     102      76      79
     102      88      98      86     101      92      93      74      83     100
     114     111      93     107     105     109     101     131      92      81
      94      90      76      98      88      91      91      88      94      99
      96      94      80      99      79      85      93      82      70      96
      81      89      87      80     105      96     108      80      77      77
      89      97      91      93      89      99     101     102      88      84
      80      88      89      91     107      67      95      85      87      90
      91      71      95      90      93      88      79      74      96      91
      76      78      79     102     102      80      96      87      83      88
      87      87      94      92      93      75     106      88      82      91
      87      83      71      81      83      94     103      73      82      87
      91      96     101      96      74      85      85      86      90      91
      84      89      75      91      85      81      77      92      88      93
      76      71      74      84      76      75     100      76      96      87
      93      94      84      89      78      81      67      99      80      75
      73     112      82      89      66      89      91      76      88      92
      88      80      75      74      88      88      77      73      90      77
      86      95      83      85      70      79      84      73      91      83
      85     112      67      87      79      86      90      80      79      73
      85      71      82      91      96      87      87      72      96      86
      69      75      82      73      78      89      67      80      76      80
      94      76      83      84      79      79      92      81      66      70
      88      78      78      73      60      80      67      77      98      87
      60      80      96      78      66      83      72      82      72      69
      79      80      71      83      73      85      87      83      73      81
      60      90      88      78      79      69      98      81      75      62
      72      69      76      82      76      86      79      80      69      82
      82      86      73      66      79      73      84      67      93      79
      70      69      78      90      80      74      73      79      86      85
      56      71      75      88      91      81      69      79      53      71
      63      77      72      76      70      66      64      72      64      78
      80      57      89      88      57      84      72      85      83      84
      70      74      72      73      80      73      72      72      82      76
      75      88      72      77      81      61      86      77      86      66
      82      73      56      79      67      73      71      81      80      76
      89      69      67      61      75      87      67      74      70      70
      83      86      72      80      71      75      77      82      72      62
      62      76      77      70      69      90      71      71      60      78
      69      77      74      72      75      80      80      78      74      91
      66      75      91      62      70      71      66      82      70      64
      86      80      65      89      57      84      76      78      81      89
      94      74      79      73      74      81      69      90      83      90
      91      69      82      85      75      83      86      78      86      86
      90      87      93      85      74      77      89      95      97      97
      80     100     101      85      91      84      95      93      96      86
      85     111      96      92     103      99     105      97     118     130
     109     125     105     116     114     106     133     133     140     132
     125     146     139     162     140     128     153     151     166     191
     188     190     186     177     219     227     227     241     246     253
     239     272     289     269     284     274     346     314     323     309
     378     352     375     363     409     410     419     406     446     429
     406     402     489     483     446     452     503     504     485     436
     500     486     441     453     466     482     423     430     467     428
     447     440     420     439     390     416     368     424     356     374
     334     388     319     319     338     310     286     284     269     282
     242     221     252     230     210     198     219     179     184     183
     186     161     138     168     137     146     150     154     131     132
     121     110     130     111     107     115     118     111      95      96
     124     129      94     118     117     127     142     134     138     151
     149     173     160     193     191     172     208     218     233     255
     274     248     246     275     270     315     297     285     291     306
     311     327     310     278     291     300     317     272     248     259
     237     211     226     225     218     186     176     180     164     144
     127     145     116      95      99     102      89     100      98      83
      87      58      71      63      83      73      58   36128
