Acquisition date and time: 00-00-   0 (00:00:00)
Live Time:,        0
Real Time:,        0
 
Photopeaks:,     5
  11,      1.041,        687,         57,       1.28
  15,      2.013,       1693,         57,       0.99
  16,      2.307,        816,         56,       6.14
  17,      2.622,      66711,        311,       3.79
  20,      3.691,      24596,        174,       1.08
Incoherent scattering peaks:,     3
  11,      1.039,        257,         80,       1.28
  17,      2.609,       5939,        249,       4.13
  20,      3.665,        879,        119,       1.50
