Acquisition date and time: 00-00-   0 (00:00:00)
Live Time:,        0
Real Time:,        0
 
Photopeaks:,     5
  15,      2.013,       1943,         65,       0.99
  16,      2.307,        134,         55,       0.78
  17,      2.622,      41649,        248,       4.06
  19,      3.313,      83771,        324,       5.25
  20,      3.691,      31759,        248,       2.67
Incoherent scattering peaks:,     3
  17,      2.609,       2231,        210,       4.05
  19,      3.292,        743,        189,       5.20
  20,      3.665,       1762,        283,       2.44
