Acquisition date and time: 00-00-   0 (00:00:00)
Live Time:,        0
Real Time:,        0
 
Photopeaks:,     5
  20,      3.691,       8164,         91,       3.10
  22,      4.509,        312,         41,       1.59
  24,      5.412,        477,         54,       1.21
  26,      6.399,     552664,        718,      13.61
  30,      8.631,        698,         94,       1.85
Incoherent scattering peaks:,     2
  26,      6.320,       5410,        201,      11.06
  26,      6.963,       4697,        169,       7.00
