Acquisition date and time: 00-00-   0 (00:00:00)
Live Time:,        0
Real Time:,        0
 
Photopeaks:,     5
  14,      1.740,         65,         26,       1.51
  15,      2.013,        568,         37,       1.36
  20,      3.691,       7582,        118,       1.92
  22,      4.509,     490059,        700,      11.92
  24,      5.412,        824,         55,       1.68
Incoherent scattering peaks:,     4
  20,      3.665,       1292,        116,       2.02
  20,      3.982,       3187,        118,       2.12
  22,      4.470,      10744,        298,      10.26
  22,      4.885,       3301,        207,       9.82
