Acquisition date and time: 00-00-   0 (00:00:00)
Live Time:,        0
Real Time:,        0
 
Photopeaks:,     4
  15,      2.013,        793,         49,       1.33
  20,      3.691,      14006,        133,       2.83
  53,      3.937,      76196,        281,       5.82
  37,     13.375,     291756,        520,       3.64
Incoherent scattering peaks:,     3
  37,      1.688,        417,        142,       0.87
  37,     13.034,       2416,        133,       1.85
  37,     14.555,       2295,        116,       1.59
