Acquisition date and time: 00-00-   0 (00:00:00)
Live Time:,        0
Real Time:,        0
 
Photopeaks:,     2
  20,      3.691,       9875,        112,       1.55
  38,     14.142,     374319,        577,       4.00
Incoherent scattering peaks:,     5
  20,      3.665,        324,         80,       1.22
  38,      1.865,       3430,        403,       2.10
  38,      1.801,       2004,        334,       2.20
  38,     13.761,       1920,        116,       1.56
  38,     15.383,       2163,        102,       1.76
