Acquisition date and time: 00-00-   0 (00:00:00)
Live Time:,        0
Real Time:,        0
 
Photopeaks:,     6
  26,      6.399,        691,         70,       1.72
  28,      7.472,        402,        127,       1.14
  29,      8.041,       1274,        138,       1.01
  30,      8.631,     276724,        528,       4.80
  33,     10.532,        201,        119,       1.85
  80,      9.980,        190,        121,       1.70
Incoherent scattering peaks:,     2
  30,      8.488,        708,        192,       3.33
  30,      9.396,       2554,        152,       1.62
