Acquisition date and time: 00-00-   0 (00:00:00)
Live Time:,        0
Real Time:,        0
 
Photopeaks:,     6
  28,      7.472,        181,         90,       1.72
  29,      8.041,        858,         98,       2.17
  30,      8.631,        681,         98,       1.15
  32,      9.875,     480127,        669,       7.39
  33,     10.532,       -145,        117,       1.09
  35,     11.908,        129,         81,       1.17
Incoherent scattering peaks:,     3
  32,      1.185,        793,        111,       3.44
  32,      9.688,      -2351,        147,       4.05
  32,     10.750,       -138,        203,       1.83
