Acquisition date and time: 00-00-   0 (00:00:00)
Live Time:,        0
Real Time:,        0
 
Photopeaks:,     6
  26,      6.399,        767,         71,       1.96
  28,      7.472,        328,        127,       1.27
  29,      8.041,       1206,        138,       1.01
  30,      8.631,     281018,        532,       4.92
  33,     10.532,        165,        120,       1.15
  80,      9.980,        175,        121,       1.62
Incoherent scattering peaks:,     2
  30,      8.488,       1277,        197,       3.83
  30,      9.396,       2499,        152,       1.61
