Acquisition date and time: 00-00-   0 (00:00:00)
Live Time:,        0
Real Time:,        0
 
Photopeaks:,     4
  15,      2.013,       1165,         84,       8.42
  20,      3.691,       9655,        114,       1.21
  42,      2.293,      28107,        288,       2.95
  42,     17.443,     339916,        597,       4.46
Incoherent scattering peaks:,     4
  15,      2.005,       1421,        109,       7.69
  20,      3.665,        270,         88,       1.16
  42,      2.384,       6163,        411,       3.17
  42,     16.867,       1248,        105,       1.61
