Acquisition date and time: 00-00-   0 (00:00:00)
Live Time:,        0
Real Time:,        0
 
Photopeaks:,     7
  15,      2.013,       1056,         69,       3.40
  16,      2.307,        -80,         72,       1.77
  17,      2.622,        -70,         50,       2.45
  19,      3.313,        759,        103,       2.00
  20,      3.691,      15880,        554,       4.19
  45,      2.696,         -7,         46,       1.44
  52,      3.768,     169878,        577,       5.58
Incoherent scattering peaks:,     2
  16,      2.297,         94,        106,       1.63
  52,      3.740,       9838,        399,       5.55
