Acquisition date and time: 00-00-   0 (00:00:00)
Live Time:,        0
Real Time:,        0
 
Photopeaks:,     6
  14,      1.740,         57,         49,       0.86
  15,      2.013,        958,         63,       1.80
  17,      2.622,       1043,        118,       8.08
  20,      3.691,      18198,        164,       2.15
  45,      2.696,       1065,        152,       3.27
  47,      2.984,     123781,        682,       6.60
Incoherent scattering peaks:,     2
  47,      3.132,       4406,       1636,       5.19
  47,      2.967,       6022,        692,       6.29
