Acquisition date and time: 00-00-   0 (00:00:00)
Live Time:,        0
Real Time:,        0
 
Photopeaks:,     5
  14,      1.740,        359,         46,       2.64
  15,      2.013,       1353,         60,       2.92
  22,      4.509,       1137,        106,       2.45
  47,      2.984,        494,         73,       2.08
  51,      3.604,     180813,        700,       9.06
Incoherent scattering peaks:,     3
  47,      2.967,        420,        118,       1.81
  51,      3.815,      22589,       1487,       6.84
  51,      3.579,       8811,        353,       8.24
