Acquisition date and time: 00-00-   0 (00:00:00)
Live Time:,        0
Real Time:,        0
 
Photopeaks:,     4
  15,      2.013,        867,         49,       1.13
  20,      3.691,      13478,        131,       1.76
  53,      3.937,      75211,        280,       5.71
  37,     13.375,     278938,        510,       2.47
Incoherent scattering peaks:,     3
  37,      1.688,        279,        140,       0.93
  37,     13.034,       1653,        130,       1.33
  37,     14.555,       1890,        114,       1.85
