Acquisition date and time: 00-00-   0 (00:00:00)
Live Time:,        0
Real Time:,        0
 
Photopeaks:,     9
  14,      1.740,        265,         37,       1.59
  15,      2.013,        969,         48,       1.41
  20,      3.691,      16965,        142,       2.51
  26,      6.399,        887,         83,       2.00
  28,      7.472,        727,        137,       1.53
  29,      8.041,       2833,        150,       3.30
  30,      8.631,       1250,        151,       1.85
  45,      2.696,         10,         43,       2.99
  56,      4.464,     215783,        506,       4.83
Incoherent scattering peaks:,     2
  56,      4.783,       3234,        480,       3.69
  56,      4.426,       5389,        286,       5.11
