Acquisition date and time: 00-00-   0 (00:00:00)
Live Time:,        0
Real Time:,        0
 
Photopeaks:,     7
  15,      2.013,       1074,         47,       1.32
  20,      3.691,      17657,        145,       1.96
  26,      6.399,         62,         91,       1.54
  28,      7.472,        578,        135,       2.42
  29,      8.041,       2269,        147,       2.86
  30,      8.631,       1487,        151,       1.48
  57,      4.651,     207895,        494,       8.00
Incoherent scattering peaks:,     1
  57,      4.609,       1043,        266,       7.17
