Acquisition date and time: 00-00-   0 (00:00:00)
Live Time:,        0
Real Time:,        0
 
Photopeaks:,     5
  20,      3.691,      13990,        118,       2.46
  26,      6.399,        731,         88,       1.85
  57,      4.651,        226,         75,       2.21
  70,      7.411,     221677,        493,       4.34
  73,      8.140,       4530,        176,       2.90
Incoherent scattering peaks:,     2
  70,      8.266,       7564,        309,       3.22
  70,      7.305,       2848,        221,       3.65
