Acquisition date and time: 00-00-   0 (00:00:00)
Live Time:,        0
Real Time:,        0
 
Photopeaks:,    15
  11,      1.041,        769,         81,       1.69
  12,      1.254,        183,         77,       0.80
  13,      1.487,       3475,        107,       1.81
  14,      1.740,      10958,        181,       3.14
  15,      2.013,        372,         95,       2.17
  16,      2.307,      26616,        203,       3.57
  17,      2.622,     115516,        484,       7.22
  19,      3.313,     219118,        549,       8.63
  20,      3.691,      41301,        326,       5.37
  22,      4.509,       4159,        176,       0.78
  23,      4.950,        343,        150,       1.82
  24,      5.412,       1623,        169,       1.47
  25,      5.895,       2328,        198,       2.11
  45,      2.696,       -185,        199,       7.02
  56,      4.464,        903,        219,       0.94
Incoherent scattering peaks:,     4
  14,      1.734,      -1353,        233,       3.14
  17,      2.609,       9976,        534,       7.09
  19,      3.292,       3415,        395,       8.25
  20,      3.665,       2585,        409,       5.06
